epoch:0 0.0036  0.0182  0.0002  -1.0000  0.0036  0.0320  0.1100  0.0100  -1.0000  0.0320  0.3008  0.001000
epoch:1 0.1982  0.7078  0.0949  -1.0000  0.1982  0.3190  0.8000  0.2500  -1.0000  0.3190  0.0225  0.001000
epoch:2 0.7136  1.0000  0.7877  -1.0000  0.7136  0.7500  1.0000  0.8300  -1.0000  0.7500  0.0150  0.001000
epoch:3 0.7656  1.0000  0.9123  -1.0000  0.7656  0.8140  1.0000  0.9300  -1.0000  0.8140  0.0112  0.001000
epoch:4 0.8243  1.0000  0.9522  -1.0000  0.8243  0.8610  1.0000  0.9600  -1.0000  0.8610  0.0093  0.001000
epoch:5 0.8661  1.0000  0.9337  -1.0000  0.8661  0.8890  1.0000  0.9500  -1.0000  0.8890  0.0078  0.001000
epoch:6 0.8414  0.9899  0.9240  -1.0000  0.8414  0.8770  0.9900  0.9400  -1.0000  0.8770  0.0072  0.001000
epoch:7 0.8776  1.0000  0.9765  -1.0000  0.8776  0.9050  1.0000  0.9800  -1.0000  0.9050  0.0067  0.001000
epoch:8 0.9021  1.0000  0.9767  -1.0000  0.9021  0.9280  1.0000  0.9800  -1.0000  0.9280  0.0060  0.001000
epoch:9 0.8627  1.0000  0.9659  -1.0000  0.8627  0.8950  1.0000  0.9700  -1.0000  0.8950  0.0061  0.001000
epoch:10 0.9007  1.0000  0.9755  -1.0000  0.9007  0.9240  1.0000  0.9800  -1.0000  0.9240  0.0056  0.001000
epoch:11 0.9082  1.0000  0.9786  -1.0000  0.9082  0.9310  1.0000  0.9800  -1.0000  0.9310  0.0052  0.001000
epoch:12 0.8939  1.0000  0.9781  -1.0000  0.8939  0.9160  1.0000  0.9800  -1.0000  0.9160  0.0052  0.001000
epoch:13 0.9028  1.0000  0.9588  -1.0000  0.9028  0.9190  1.0000  0.9600  -1.0000  0.9190  0.0054  0.001000
epoch:14 0.9215  1.0000  0.9759  -1.0000  0.9215  0.9390  1.0000  0.9800  -1.0000  0.9390  0.0051  0.001000
epoch:15 0.9170  0.9901  0.9753  -1.0000  0.9170  0.9350  0.9900  0.9800  -1.0000  0.9350  0.0049  0.001000
epoch:16 0.9336  1.0000  0.9786  -1.0000  0.9336  0.9450  1.0000  0.9800  -1.0000  0.9450  0.0048  0.001000
epoch:17 0.9087  1.0000  0.9750  -1.0000  0.9087  0.9280  1.0000  0.9800  -1.0000  0.9280  0.0048  0.001000
epoch:18 0.8556  0.9900  0.9654  -1.0000  0.8556  0.8830  0.9900  0.9700  -1.0000  0.8830  0.0049  0.001000
epoch:19 0.9016  1.0000  0.9669  -1.0000  0.9016  0.9250  1.0000  0.9700  -1.0000  0.9250  0.0046  0.001000
epoch:20 0.9266  1.0000  0.9759  -1.0000  0.9266  0.9460  1.0000  0.9800  -1.0000  0.9460  0.0046  0.001000
epoch:21 0.9191  0.9899  0.9570  -1.0000  0.9191  0.9340  0.9900  0.9600  -1.0000  0.9340  0.0048  0.001000
epoch:22 0.9048  1.0000  0.9563  -1.0000  0.9048  0.9270  1.0000  0.9600  -1.0000  0.9270  0.0046  0.001000
epoch:23 0.9312  1.0000  0.9664  -1.0000  0.9312  0.9440  1.0000  0.9700  -1.0000  0.9440  0.0045  0.001000
epoch:24 0.9272  0.9901  0.9658  -1.0000  0.9272  0.9410  0.9900  0.9700  -1.0000  0.9410  0.0043  0.001000
epoch:25 0.9241  1.0000  0.9621  -1.0000  0.9241  0.9440  1.0000  0.9700  -1.0000  0.9440  0.0044  0.001000
epoch:26 0.9376  0.9899  0.9784  -1.0000  0.9376  0.9510  0.9900  0.9800  -1.0000  0.9510  0.0045  0.001000
epoch:27 0.9269  1.0000  0.9776  -1.0000  0.9269  0.9460  1.0000  0.9800  -1.0000  0.9460  0.0044  0.001000
epoch:28 0.9400  1.0000  0.9796  -1.0000  0.9400  0.9540  1.0000  0.9800  -1.0000  0.9540  0.0042  0.001000
epoch:29 0.9287  1.0000  0.9762  -1.0000  0.9287  0.9450  1.0000  0.9800  -1.0000  0.9450  0.0045  0.001000
epoch:30 0.9201  1.0000  0.9597  -1.0000  0.9201  0.9370  1.0000  0.9600  -1.0000  0.9370  0.0042  0.001000
epoch:31 0.9319  1.0000  0.9892  -1.0000  0.9319  0.9520  1.0000  0.9900  -1.0000  0.9520  0.0044  0.001000
epoch:32 0.9365  1.0000  0.9761  -1.0000  0.9365  0.9550  1.0000  0.9800  -1.0000  0.9550  0.0043  0.001000
epoch:33 0.9418  1.0000  0.9692  -1.0000  0.9418  0.9510  1.0000  0.9700  -1.0000  0.9510  0.0042  0.001000
epoch:34 0.9364  1.0000  0.9778  -1.0000  0.9364  0.9520  1.0000  0.9800  -1.0000  0.9520  0.0041  0.001000
epoch:35 0.9285  0.9899  0.9899  -1.0000  0.9285  0.9480  0.9900  0.9900  -1.0000  0.9480  0.0044  0.001000
epoch:36 0.9183  0.9901  0.9664  -1.0000  0.9183  0.9340  0.9900  0.9700  -1.0000  0.9340  0.0043  0.001000
epoch:37 0.9295  1.0000  0.9764  -1.0000  0.9295  0.9430  1.0000  0.9800  -1.0000  0.9430  0.0042  0.001000
epoch:38 0.9247  1.0000  0.9669  -1.0000  0.9247  0.9460  1.0000  0.9700  -1.0000  0.9460  0.0042  0.001000
epoch:39 0.9267  1.0000  0.9746  -1.0000  0.9267  0.9460  1.0000  0.9800  -1.0000  0.9460  0.0043  0.001000
epoch:40 0.9350  1.0000  0.9681  -1.0000  0.9350  0.9480  1.0000  0.9700  -1.0000  0.9480  0.0044  0.001000
epoch:41 0.9414  1.0000  0.9900  -1.0000  0.9414  0.9570  1.0000  0.9900  -1.0000  0.9570  0.0044  0.001000
epoch:42 0.9305  1.0000  0.9772  -1.0000  0.9305  0.9480  1.0000  0.9800  -1.0000  0.9480  0.0045  0.001000
epoch:43 0.9488  1.0000  0.9796  -1.0000  0.9488  0.9580  1.0000  0.9800  -1.0000  0.9580  0.0040  0.001000
epoch:44 0.9343  1.0000  0.9797  -1.0000  0.9343  0.9510  1.0000  0.9800  -1.0000  0.9510  0.0041  0.001000
epoch:45 0.9240  0.9900  0.9783  -1.0000  0.9240  0.9400  0.9900  0.9800  -1.0000  0.9400  0.0042  0.001000
epoch:46 0.9458  1.0000  0.9901  -1.0000  0.9458  0.9590  1.0000  0.9900  -1.0000  0.9590  0.0042  0.001000
epoch:47 0.9261  0.9901  0.9699  -1.0000  0.9261  0.9390  0.9900  0.9700  -1.0000  0.9390  0.0044  0.001000
epoch:48 0.9285  0.9895  0.9590  -1.0000  0.9285  0.9400  0.9900  0.9600  -1.0000  0.9400  0.0041  0.001000
epoch:49 0.9389  0.9901  0.9772  -1.0000  0.9389  0.9520  0.9900  0.9800  -1.0000  0.9520  0.0040  0.001000
epoch:50 0.9436  1.0000  0.9596  -1.0000  0.9436  0.9580  1.0000  0.9700  -1.0000  0.9580  0.0042  0.001000
epoch:51 0.9343  1.0000  0.9896  -1.0000  0.9343  0.9510  1.0000  0.9900  -1.0000  0.9510  0.0042  0.001000
epoch:52 0.9491  1.0000  0.9778  -1.0000  0.9491  0.9580  1.0000  0.9800  -1.0000  0.9580  0.0042  0.001000
epoch:53 0.9340  1.0000  0.9794  -1.0000  0.9340  0.9470  1.0000  0.9800  -1.0000  0.9470  0.0042  0.001000
epoch:54 0.9415  0.9901  0.9771  -1.0000  0.9415  0.9510  0.9900  0.9800  -1.0000  0.9510  0.0041  0.001000
epoch:55 0.9274  1.0000  0.9767  -1.0000  0.9274  0.9430  1.0000  0.9800  -1.0000  0.9430  0.0045  0.001000
epoch:56 0.9428  1.0000  0.9900  -1.0000  0.9428  0.9580  1.0000  0.9900  -1.0000  0.9580  0.0040  0.001000
epoch:57 0.9238  1.0000  0.9640  -1.0000  0.9238  0.9410  1.0000  0.9700  -1.0000  0.9410  0.0040  0.001000
epoch:58 0.9366  1.0000  0.9777  -1.0000  0.9366  0.9520  1.0000  0.9800  -1.0000  0.9520  0.0041  0.001000
epoch:59 0.9298  1.0000  0.9792  -1.0000  0.9298  0.9440  1.0000  0.9800  -1.0000  0.9440  0.0041  0.001000
epoch:60 0.9384  1.0000  0.9901  -1.0000  0.9384  0.9530  1.0000  0.9900  -1.0000  0.9530  0.0043  0.001000
epoch:61 0.9510  1.0000  0.9790  -1.0000  0.9510  0.9590  1.0000  0.9800  -1.0000  0.9590  0.0040  0.001000
epoch:62 0.9379  1.0000  0.9783  -1.0000  0.9379  0.9490  1.0000  0.9800  -1.0000  0.9490  0.0040  0.001000
epoch:63 0.9404  0.9901  0.9797  -1.0000  0.9404  0.9500  0.9900  0.9800  -1.0000  0.9500  0.0040  0.001000
epoch:64 0.9265  1.0000  0.9568  -1.0000  0.9265  0.9410  1.0000  0.9600  -1.0000  0.9410  0.0043  0.001000
epoch:65 0.9172  0.9794  0.9569  -1.0000  0.9172  0.9290  0.9800  0.9600  -1.0000  0.9290  0.0041  0.001000
epoch:66 0.9264  1.0000  0.9694  -1.0000  0.9264  0.9420  1.0000  0.9700  -1.0000  0.9420  0.0043  0.001000
epoch:67 0.9353  0.9900  0.9900  -1.0000  0.9353  0.9460  0.9900  0.9900  -1.0000  0.9460  0.0041  0.001000
epoch:68 0.9344  1.0000  0.9901  -1.0000  0.9344  0.9510  1.0000  0.9900  -1.0000  0.9510  0.0039  0.001000
epoch:69 0.9357  0.9901  0.9802  -1.0000  0.9357  0.9500  0.9900  0.9800  -1.0000  0.9500  0.0038  0.001000
epoch:70 0.9348  1.0000  0.9789  -1.0000  0.9348  0.9500  1.0000  0.9800  -1.0000  0.9500  0.0040  0.001000
epoch:71 0.9238  0.9901  0.9665  -1.0000  0.9238  0.9410  0.9900  0.9700  -1.0000  0.9410  0.0037  0.001000
epoch:72 0.9467  1.0000  0.9890  -1.0000  0.9467  0.9590  1.0000  0.9900  -1.0000  0.9590  0.0037  0.001000
epoch:73 0.9244  0.9899  0.9801  -1.0000  0.9244  0.9430  0.9900  0.9800  -1.0000  0.9430  0.0042  0.001000
epoch:74 0.9493  1.0000  0.9893  -1.0000  0.9493  0.9590  1.0000  0.9900  -1.0000  0.9590  0.0041  0.001000
epoch:75 0.9413  1.0000  0.9896  -1.0000  0.9413  0.9550  1.0000  0.9900  -1.0000  0.9550  0.0040  0.001000
epoch:76 0.9071  0.9901  0.9694  -1.0000  0.9071  0.9270  0.9900  0.9700  -1.0000  0.9270  0.0040  0.001000
epoch:77 0.9278  0.9901  0.9689  -1.0000  0.9278  0.9430  0.9900  0.9700  -1.0000  0.9430  0.0041  0.001000
epoch:78 0.9338  1.0000  0.9696  -1.0000  0.9338  0.9460  1.0000  0.9700  -1.0000  0.9460  0.0038  0.001000
epoch:79 0.9514  1.0000  0.9893  -1.0000  0.9514  0.9600  1.0000  0.9900  -1.0000  0.9600  0.0038  0.001000
epoch:80 0.9497  1.0000  0.9791  -1.0000  0.9497  0.9590  1.0000  0.9800  -1.0000  0.9590  0.0039  0.001000
epoch:81 0.9367  1.0000  0.9786  -1.0000  0.9367  0.9480  1.0000  0.9800  -1.0000  0.9480  0.0042  0.001000
epoch:82 0.9436  1.0000  0.9802  -1.0000  0.9436  0.9580  1.0000  0.9800  -1.0000  0.9580  0.0040  0.001000
epoch:83 0.9486  1.0000  0.9790  -1.0000  0.9486  0.9570  1.0000  0.9800  -1.0000  0.9570  0.0039  0.001000
epoch:84 0.9405  1.0000  0.9786  -1.0000  0.9405  0.9540  1.0000  0.9800  -1.0000  0.9540  0.0040  0.001000
epoch:85 0.9321  1.0000  0.9698  -1.0000  0.9321  0.9480  1.0000  0.9700  -1.0000  0.9480  0.0038  0.001000
epoch:86 0.9356  1.0000  0.9697  -1.0000  0.9356  0.9490  1.0000  0.9700  -1.0000  0.9490  0.0037  0.001000
epoch:87 0.9377  1.0000  0.9795  -1.0000  0.9377  0.9540  1.0000  0.9800  -1.0000  0.9540  0.0037  0.001000
epoch:88 0.9523  1.0000  0.9771  -1.0000  0.9523  0.9630  1.0000  0.9800  -1.0000  0.9630  0.0036  0.001000
epoch:89 0.9297  0.9900  0.9563  -1.0000  0.9297  0.9430  0.9900  0.9600  -1.0000  0.9430  0.0040  0.001000
epoch:90 0.9433  0.9898  0.9782  -1.0000  0.9433  0.9510  0.9900  0.9800  -1.0000  0.9510  0.0039  0.001000
epoch:91 0.9404  1.0000  0.9791  -1.0000  0.9404  0.9550  1.0000  0.9800  -1.0000  0.9550  0.0039  0.001000
epoch:92 0.9459  1.0000  0.9781  -1.0000  0.9459  0.9570  1.0000  0.9800  -1.0000  0.9570  0.0038  0.001000
epoch:93 0.9426  1.0000  0.9791  -1.0000  0.9426  0.9560  1.0000  0.9800  -1.0000  0.9560  0.0033  0.001000
epoch:94 0.9375  1.0000  0.9802  -1.0000  0.9375  0.9530  1.0000  0.9800  -1.0000  0.9530  0.0036  0.001000
epoch:95 0.9407  1.0000  0.9769  -1.0000  0.9407  0.9580  1.0000  0.9800  -1.0000  0.9580  0.0037  0.001000
epoch:96 0.9309  1.0000  0.9901  -1.0000  0.9309  0.9480  1.0000  0.9900  -1.0000  0.9480  0.0039  0.001000
epoch:97 0.9307  1.0000  0.9791  -1.0000  0.9307  0.9440  1.0000  0.9800  -1.0000  0.9440  0.0037  0.001000
epoch:98 0.9458  1.0000  0.9786  -1.0000  0.9458  0.9570  1.0000  0.9800  -1.0000  0.9570  0.0037  0.001000
epoch:99 0.9293  1.0000  0.9702  -1.0000  0.9293  0.9420  1.0000  0.9700  -1.0000  0.9420  0.0037  0.001000
epoch:100 0.9412  1.0000  0.9794  -1.0000  0.9412  0.9520  1.0000  0.9800  -1.0000  0.9520  0.0037  0.001000
epoch:101 0.9305  1.0000  0.9793  -1.0000  0.9305  0.9460  1.0000  0.9800  -1.0000  0.9460  0.0037  0.001000
epoch:102 0.9489  1.0000  0.9799  -1.0000  0.9489  0.9580  1.0000  0.9800  -1.0000  0.9580  0.0036  0.001000
epoch:103 0.9541  1.0000  0.9785  -1.0000  0.9541  0.9630  1.0000  0.9800  -1.0000  0.9630  0.0038  0.001000
epoch:104 0.9458  1.0000  0.9781  -1.0000  0.9458  0.9580  1.0000  0.9800  -1.0000  0.9580  0.0036  0.001000
epoch:105 0.9440  1.0000  0.9791  -1.0000  0.9440  0.9560  1.0000  0.9800  -1.0000  0.9560  0.0034  0.001000
epoch:106 0.9412  1.0000  0.9776  -1.0000  0.9412  0.9550  1.0000  0.9800  -1.0000  0.9550  0.0035  0.001000
epoch:107 0.9421  1.0000  0.9900  -1.0000  0.9421  0.9560  1.0000  0.9900  -1.0000  0.9560  0.0037  0.001000
epoch:108 0.9362  1.0000  0.9895  -1.0000  0.9362  0.9500  1.0000  0.9900  -1.0000  0.9500  0.0033  0.001000
epoch:109 0.9376  1.0000  0.9900  -1.0000  0.9376  0.9500  1.0000  0.9900  -1.0000  0.9500  0.0034  0.001000
epoch:110 0.9393  1.0000  0.9799  -1.0000  0.9393  0.9530  1.0000  0.9800  -1.0000  0.9530  0.0035  0.001000
epoch:111 0.9398  1.0000  0.9900  -1.0000  0.9398  0.9540  1.0000  0.9900  -1.0000  0.9540  0.0036  0.001000
epoch:112 0.9436  1.0000  0.9801  -1.0000  0.9436  0.9560  1.0000  0.9800  -1.0000  0.9560  0.0035  0.001000
epoch:113 0.9355  1.0000  0.9783  -1.0000  0.9355  0.9510  1.0000  0.9800  -1.0000  0.9510  0.0035  0.001000
epoch:114 0.9163  0.9898  0.9678  -1.0000  0.9163  0.9350  0.9900  0.9700  -1.0000  0.9350  0.0037  0.001000
epoch:115 0.9454  0.9900  0.9703  -1.0000  0.9454  0.9550  0.9900  0.9700  -1.0000  0.9550  0.0035  0.001000
epoch:116 0.9465  1.0000  0.9793  -1.0000  0.9465  0.9590  1.0000  0.9800  -1.0000  0.9590  0.0033  0.001000
epoch:117 0.9472  1.0000  0.9901  -1.0000  0.9472  0.9590  1.0000  0.9900  -1.0000  0.9590  0.0032  0.001000
epoch:118 0.9413  0.9901  0.9901  -1.0000  0.9413  0.9550  0.9900  0.9900  -1.0000  0.9550  0.0033  0.001000
epoch:119 0.9367  1.0000  0.9796  -1.0000  0.9367  0.9510  1.0000  0.9800  -1.0000  0.9510  0.0036  0.001000
epoch:120 0.9070  0.9901  0.9594  -1.0000  0.9070  0.9270  0.9900  0.9600  -1.0000  0.9270  0.0036  0.001000
epoch:121 0.9317  1.0000  0.9797  -1.0000  0.9317  0.9470  1.0000  0.9800  -1.0000  0.9470  0.0035  0.001000
epoch:122 0.9512  1.0000  0.9792  -1.0000  0.9512  0.9600  1.0000  0.9800  -1.0000  0.9600  0.0033  0.001000
epoch:123 0.9365  1.0000  0.9783  -1.0000  0.9365  0.9570  1.0000  0.9800  -1.0000  0.9570  0.0035  0.001000
epoch:124 0.9555  1.0000  0.9796  -1.0000  0.9555  0.9640  1.0000  0.9800  -1.0000  0.9640  0.0034  0.001000
epoch:125 0.9564  1.0000  0.9789  -1.0000  0.9564  0.9620  1.0000  0.9800  -1.0000  0.9620  0.0034  0.001000
epoch:126 0.9421  1.0000  0.9797  -1.0000  0.9421  0.9560  1.0000  0.9800  -1.0000  0.9560  0.0031  0.001000
epoch:127 0.9368  1.0000  0.9802  -1.0000  0.9368  0.9520  1.0000  0.9800  -1.0000  0.9520  0.0032  0.001000
epoch:128 0.9524  1.0000  0.9901  -1.0000  0.9524  0.9630  1.0000  0.9900  -1.0000  0.9630  0.0032  0.001000
epoch:129 0.9552  1.0000  0.9791  -1.0000  0.9552  0.9650  1.0000  0.9800  -1.0000  0.9650  0.0032  0.001000
epoch:130 0.9485  1.0000  0.9762  -1.0000  0.9485  0.9600  1.0000  0.9800  -1.0000  0.9600  0.0031  0.001000
epoch:131 0.9359  1.0000  0.9795  -1.0000  0.9359  0.9500  1.0000  0.9800  -1.0000  0.9500  0.0033  0.001000
epoch:132 0.9340  1.0000  0.9799  -1.0000  0.9340  0.9500  1.0000  0.9800  -1.0000  0.9500  0.0036  0.001000
epoch:133 0.9463  1.0000  0.9899  -1.0000  0.9463  0.9590  1.0000  0.9900  -1.0000  0.9590  0.0035  0.001000
epoch:134 0.9445  1.0000  0.9795  -1.0000  0.9445  0.9550  1.0000  0.9800  -1.0000  0.9550  0.0032  0.001000
epoch:135 0.9434  1.0000  0.9795  -1.0000  0.9434  0.9540  1.0000  0.9800  -1.0000  0.9540  0.0031  0.001000
epoch:136 0.9423  1.0000  0.9796  -1.0000  0.9423  0.9550  1.0000  0.9800  -1.0000  0.9550  0.0030  0.001000
epoch:137 0.9552  1.0000  0.9901  -1.0000  0.9552  0.9670  1.0000  0.9900  -1.0000  0.9670  0.0031  0.001000
epoch:138 0.9491  0.9901  0.9791  -1.0000  0.9491  0.9590  0.9900  0.9800  -1.0000  0.9590  0.0030  0.001000
epoch:139 0.9474  1.0000  0.9653  -1.0000  0.9474  0.9610  1.0000  0.9700  -1.0000  0.9610  0.0033  0.001000
epoch:140 0.9333  1.0000  0.9900  -1.0000  0.9333  0.9520  1.0000  0.9900  -1.0000  0.9520  0.0034  0.001000
epoch:141 0.9414  1.0000  0.9796  -1.0000  0.9414  0.9560  1.0000  0.9800  -1.0000  0.9560  0.0032  0.001000
epoch:142 0.9505  1.0000  0.9901  -1.0000  0.9505  0.9640  1.0000  0.9900  -1.0000  0.9640  0.0031  0.001000
epoch:143 0.9544  1.0000  0.9794  -1.0000  0.9544  0.9610  1.0000  0.9800  -1.0000  0.9610  0.0030  0.001000
epoch:144 0.9558  1.0000  0.9797  -1.0000  0.9558  0.9650  1.0000  0.9800  -1.0000  0.9650  0.0032  0.001000
epoch:145 0.9425  1.0000  0.9528  -1.0000  0.9425  0.9570  1.0000  0.9600  -1.0000  0.9570  0.0031  0.001000
epoch:146 0.9472  1.0000  0.9800  -1.0000  0.9472  0.9560  1.0000  0.9800  -1.0000  0.9560  0.0033  0.001000
epoch:147 0.9486  1.0000  0.9766  -1.0000  0.9486  0.9600  1.0000  0.9800  -1.0000  0.9600  0.0031  0.001000
epoch:148 0.9471  0.9899  0.9798  -1.0000  0.9471  0.9590  0.9900  0.9800  -1.0000  0.9590  0.0033  0.001000
epoch:149 0.9525  1.0000  0.9795  -1.0000  0.9525  0.9630  1.0000  0.9800  -1.0000  0.9630  0.0031  0.001000
epoch:150 0.9445  1.0000  0.9800  -1.0000  0.9445  0.9530  1.0000  0.9800  -1.0000  0.9530  0.0032  0.001000
epoch:151 0.9451  1.0000  0.9672  -1.0000  0.9451  0.9570  1.0000  0.9700  -1.0000  0.9570  0.0030  0.001000
epoch:152 0.9456  1.0000  0.9645  -1.0000  0.9456  0.9560  1.0000  0.9700  -1.0000  0.9560  0.0030  0.001000
epoch:153 0.9546  1.0000  0.9686  -1.0000  0.9546  0.9610  1.0000  0.9700  -1.0000  0.9610  0.0030  0.001000
epoch:154 0.9530  1.0000  0.9900  -1.0000  0.9530  0.9650  1.0000  0.9900  -1.0000  0.9650  0.0031  0.001000
epoch:155 0.9466  1.0000  0.9560  -1.0000  0.9466  0.9570  1.0000  0.9600  -1.0000  0.9570  0.0029  0.001000
epoch:156 0.9455  1.0000  0.9792  -1.0000  0.9455  0.9580  1.0000  0.9800  -1.0000  0.9580  0.0031  0.001000
epoch:157 0.9524  0.9901  0.9680  -1.0000  0.9524  0.9610  0.9900  0.9700  -1.0000  0.9610  0.0030  0.001000
epoch:158 0.9518  1.0000  0.9796  -1.0000  0.9518  0.9630  1.0000  0.9800  -1.0000  0.9630  0.0030  0.001000
epoch:159 0.9462  0.9901  0.9800  -1.0000  0.9462  0.9610  0.9900  0.9800  -1.0000  0.9610  0.0029  0.001000
epoch:160 0.9589  1.0000  0.9792  -1.0000  0.9589  0.9660  1.0000  0.9800  -1.0000  0.9660  0.0029  0.001000
epoch:161 0.9563  0.9900  0.9900  -1.0000  0.9563  0.9640  0.9900  0.9900  -1.0000  0.9640  0.0029  0.001000
epoch:162 0.9395  0.9896  0.9798  -1.0000  0.9395  0.9500  0.9900  0.9800  -1.0000  0.9500  0.0029  0.001000
epoch:163 0.9470  1.0000  0.9802  -1.0000  0.9470  0.9610  1.0000  0.9800  -1.0000  0.9610  0.0031  0.001000
epoch:164 0.9515  1.0000  0.9795  -1.0000  0.9515  0.9630  1.0000  0.9800  -1.0000  0.9630  0.0030  0.001000
epoch:165 0.9484  1.0000  0.9901  -1.0000  0.9484  0.9610  1.0000  0.9900  -1.0000  0.9610  0.0029  0.001000
epoch:166 0.9350  1.0000  0.9800  -1.0000  0.9350  0.9510  1.0000  0.9800  -1.0000  0.9510  0.0030  0.001000
epoch:167 0.9535  1.0000  0.9901  -1.0000  0.9535  0.9630  1.0000  0.9900  -1.0000  0.9630  0.0029  0.001000
epoch:168 0.9413  1.0000  0.9800  -1.0000  0.9413  0.9550  1.0000  0.9800  -1.0000  0.9550  0.0028  0.001000
epoch:169 0.9402  1.0000  0.9795  -1.0000  0.9402  0.9510  1.0000  0.9800  -1.0000  0.9510  0.0028  0.001000
epoch:170 0.9465  1.0000  0.9797  -1.0000  0.9465  0.9580  1.0000  0.9800  -1.0000  0.9580  0.0026  0.000100
epoch:171 0.9411  0.9901  0.9785  -1.0000  0.9411  0.9560  0.9900  0.9800  -1.0000  0.9560  0.0026  0.000100
epoch:172 0.9596  1.0000  0.9901  -1.0000  0.9596  0.9680  1.0000  0.9900  -1.0000  0.9680  0.0025  0.000100
epoch:173 0.9563  1.0000  0.9802  -1.0000  0.9563  0.9650  1.0000  0.9800  -1.0000  0.9650  0.0023  0.000100
epoch:174 0.9505  1.0000  0.9796  -1.0000  0.9505  0.9590  1.0000  0.9800  -1.0000  0.9590  0.0024  0.000100
epoch:175 0.9563  1.0000  0.9802  -1.0000  0.9563  0.9640  1.0000  0.9800  -1.0000  0.9640  0.0024  0.000100
epoch:176 0.9614  1.0000  0.9792  -1.0000  0.9614  0.9690  1.0000  0.9800  -1.0000  0.9690  0.0023  0.000100
epoch:177 0.9553  1.0000  0.9792  -1.0000  0.9553  0.9640  1.0000  0.9800  -1.0000  0.9640  0.0023  0.000100
epoch:178 0.9502  1.0000  0.9793  -1.0000  0.9502  0.9620  1.0000  0.9800  -1.0000  0.9620  0.0023  0.000100
epoch:179 0.9489  1.0000  0.9797  -1.0000  0.9489  0.9600  1.0000  0.9800  -1.0000  0.9600  0.0024  0.000100
epoch:180 0.9570  1.0000  0.9901  -1.0000  0.9570  0.9680  1.0000  0.9900  -1.0000  0.9680  0.0023  0.000100
epoch:181 0.9516  1.0000  0.9798  -1.0000  0.9516  0.9610  1.0000  0.9800  -1.0000  0.9610  0.0023  0.000100
epoch:182 0.9543  1.0000  0.9800  -1.0000  0.9543  0.9620  1.0000  0.9800  -1.0000  0.9620  0.0023  0.000100
epoch:183 0.9565  1.0000  0.9901  -1.0000  0.9565  0.9670  1.0000  0.9900  -1.0000  0.9670  0.0024  0.000100
epoch:184 0.9558  1.0000  0.9798  -1.0000  0.9558  0.9670  1.0000  0.9800  -1.0000  0.9670  0.0024  0.000100
epoch:185 0.9636  1.0000  0.9802  -1.0000  0.9636  0.9700  1.0000  0.9800  -1.0000  0.9700  0.0023  0.000100
epoch:186 0.9540  1.0000  0.9715  -1.0000  0.9540  0.9660  1.0000  0.9800  -1.0000  0.9660  0.0023  0.000100
epoch:187 0.9541  1.0000  0.9795  -1.0000  0.9541  0.9650  1.0000  0.9800  -1.0000  0.9650  0.0023  0.000100
epoch:188 0.9577  1.0000  0.9801  -1.0000  0.9577  0.9660  1.0000  0.9800  -1.0000  0.9660  0.0023  0.000100
epoch:189 0.9596  1.0000  0.9801  -1.0000  0.9596  0.9680  1.0000  0.9800  -1.0000  0.9680  0.0023  0.000100
epoch:190 0.9527  1.0000  0.9674  -1.0000  0.9527  0.9620  1.0000  0.9700  -1.0000  0.9620  0.0022  0.000100
epoch:191 0.9564  1.0000  0.9901  -1.0000  0.9564  0.9670  1.0000  0.9900  -1.0000  0.9670  0.0022  0.000100
epoch:192 0.9544  1.0000  0.9800  -1.0000  0.9544  0.9640  1.0000  0.9800  -1.0000  0.9640  0.0022  0.000100
epoch:193 0.9617  1.0000  0.9795  -1.0000  0.9617  0.9700  1.0000  0.9800  -1.0000  0.9700  0.0022  0.000100
epoch:194 0.9599  1.0000  0.9798  -1.0000  0.9599  0.9690  1.0000  0.9800  -1.0000  0.9690  0.0022  0.000100
epoch:195 0.9516  1.0000  0.9801  -1.0000  0.9516  0.9620  1.0000  0.9800  -1.0000  0.9620  0.0021  0.000100
epoch:196 0.9626  1.0000  0.9901  -1.0000  0.9626  0.9700  1.0000  0.9900  -1.0000  0.9700  0.0022  0.000100
epoch:197 0.9563  1.0000  0.9901  -1.0000  0.9563  0.9670  1.0000  0.9900  -1.0000  0.9670  0.0022  0.000100
epoch:198 0.9656  1.0000  0.9901  -1.0000  0.9656  0.9710  1.0000  0.9900  -1.0000  0.9710  0.0022  0.000100
epoch:199 0.9466  1.0000  0.9637  -1.0000  0.9466  0.9590  1.0000  0.9700  -1.0000  0.9590  0.0022  0.000100
epoch:200 0.9540  1.0000  0.9610  -1.0000  0.9540  0.9650  1.0000  0.9700  -1.0000  0.9650  0.0022  0.000010
epoch:201 0.9592  1.0000  0.9798  -1.0000  0.9592  0.9660  1.0000  0.9800  -1.0000  0.9660  0.0021  0.000010
epoch:202 0.9542  1.0000  0.9800  -1.0000  0.9542  0.9640  1.0000  0.9800  -1.0000  0.9640  0.0022  0.000010
epoch:203 0.9570  1.0000  0.9801  -1.0000  0.9570  0.9670  1.0000  0.9800  -1.0000  0.9670  0.0022  0.000010
epoch:204 0.9566  1.0000  0.9798  -1.0000  0.9566  0.9680  1.0000  0.9800  -1.0000  0.9680  0.0022  0.000010
epoch:205 0.9558  1.0000  0.9797  -1.0000  0.9558  0.9640  1.0000  0.9800  -1.0000  0.9640  0.0021  0.000010
epoch:206 0.9631  1.0000  0.9796  -1.0000  0.9631  0.9700  1.0000  0.9800  -1.0000  0.9700  0.0021  0.000010
epoch:207 0.9648  1.0000  0.9901  -1.0000  0.9648  0.9730  1.0000  0.9900  -1.0000  0.9730  0.0021  0.000010
epoch:208 0.9625  1.0000  0.9801  -1.0000  0.9625  0.9700  1.0000  0.9800  -1.0000  0.9700  0.0022  0.000010
epoch:209 0.9606  1.0000  0.9800  -1.0000  0.9606  0.9680  1.0000  0.9800  -1.0000  0.9680  0.0021  0.000010
