epoch:0 0.0000  0.0000  0.0000  -1.0000  0.0000  0.0000  0.0000  0.0000  -1.0000  0.0000  0.6090  0.001000
epoch:1 0.0000  0.0000  0.0000  -1.0000  0.0000  0.0000  0.0000  0.0000  -1.0000  0.0000  0.0235  0.001000
epoch:2 0.0000  0.0000  0.0000  -1.0000  0.0000  0.0000  0.0000  0.0000  -1.0000  0.0000  0.0162  0.001000
epoch:3 0.0000  0.0000  0.0000  -1.0000  0.0000  0.0000  0.0000  0.0000  -1.0000  0.0000  0.0121  0.001000
epoch:4 0.0000  0.0000  0.0000  -1.0000  0.0000  0.0000  0.0000  0.0000  -1.0000  0.0000  0.0097  0.001000
epoch:5 0.0000  0.0000  0.0000  -1.0000  0.0000  0.0000  0.0000  0.0000  -1.0000  0.0000  0.0086  0.001000
epoch:6 0.0000  0.0000  0.0000  -1.0000  0.0000  0.0000  0.0000  0.0000  -1.0000  0.0000  0.0074  0.001000
epoch:7 0.0000  0.0000  0.0000  -1.0000  0.0000  0.0000  0.0000  0.0000  -1.0000  0.0000  0.0068  0.001000
epoch:8 0.0000  0.0000  0.0000  -1.0000  0.0000  0.0000  0.0000  0.0000  -1.0000  0.0000  0.0064  0.001000
epoch:9 0.0000  0.0000  0.0000  -1.0000  0.0000  0.0000  0.0000  0.0000  -1.0000  0.0000  0.0061  0.001000
epoch:10 0.0000  0.0000  0.0000  -1.0000  0.0000  0.0000  0.0000  0.0000  -1.0000  0.0000  0.0059  0.001000
epoch:11 0.0000  0.0000  0.0000  -1.0000  0.0000  0.0000  0.0000  0.0000  -1.0000  0.0000  0.0056  0.001000
epoch:12 0.0000  0.0000  0.0000  -1.0000  0.0000  0.0000  0.0000  0.0000  -1.0000  0.0000  0.0055  0.001000
epoch:13 0.0000  0.0000  0.0000  -1.0000  0.0000  0.0000  0.0000  0.0000  -1.0000  0.0000  0.0055  0.001000
epoch:14 0.0000  0.0000  0.0000  -1.0000  0.0000  0.0000  0.0000  0.0000  -1.0000  0.0000  0.0054  0.001000
epoch:15 0.0000  0.0000  0.0000  -1.0000  0.0000  0.0000  0.0000  0.0000  -1.0000  0.0000  0.0051  0.001000
epoch:16 0.0000  0.0000  0.0000  -1.0000  0.0000  0.0000  0.0000  0.0000  -1.0000  0.0000  0.0051  0.001000
epoch:17 0.0000  0.0000  0.0000  -1.0000  0.0000  0.0000  0.0000  0.0000  -1.0000  0.0000  0.0050  0.001000
epoch:18 0.0000  0.0000  0.0000  -1.0000  0.0000  0.0000  0.0000  0.0000  -1.0000  0.0000  0.0048  0.001000
epoch:19 0.0000  0.0000  0.0000  -1.0000  0.0000  0.0000  0.0000  0.0000  -1.0000  0.0000  0.0047  0.001000
epoch:20 0.0000  0.0000  0.0000  -1.0000  0.0000  0.0000  0.0000  0.0000  -1.0000  0.0000  0.0047  0.001000
epoch:21 0.0000  0.0000  0.0000  -1.0000  0.0000  0.0000  0.0000  0.0000  -1.0000  0.0000  0.0049  0.001000
epoch:22 0.0000  0.0000  0.0000  -1.0000  0.0000  0.0000  0.0000  0.0000  -1.0000  0.0000  0.0046  0.001000
epoch:23 0.0000  0.0000  0.0000  -1.0000  0.0000  0.0000  0.0000  0.0000  -1.0000  0.0000  0.0046  0.001000
epoch:24 0.0000  0.0000  0.0000  -1.0000  0.0000  0.0000  0.0000  0.0000  -1.0000  0.0000  0.0043  0.001000
epoch:25 0.0000  0.0000  0.0000  -1.0000  0.0000  0.0000  0.0000  0.0000  -1.0000  0.0000  0.0044  0.001000
epoch:26 0.0000  0.0000  0.0000  -1.0000  0.0000  0.0000  0.0000  0.0000  -1.0000  0.0000  0.0046  0.001000
epoch:27 0.0000  0.0000  0.0000  -1.0000  0.0000  0.0000  0.0000  0.0000  -1.0000  0.0000  0.0046  0.001000
epoch:28 0.0000  0.0000  0.0000  -1.0000  0.0000  0.0000  0.0000  0.0000  -1.0000  0.0000  0.0043  0.001000
epoch:29 0.0000  0.0000  0.0000  -1.0000  0.0000  0.0000  0.0000  0.0000  -1.0000  0.0000  0.0044  0.001000
epoch:30 0.0000  0.0000  0.0000  -1.0000  0.0000  0.0000  0.0000  0.0000  -1.0000  0.0000  0.0045  0.001000
epoch:31 0.0000  0.0000  0.0000  -1.0000  0.0000  0.0000  0.0000  0.0000  -1.0000  0.0000  0.0044  0.001000
epoch:32 0.0000  0.0000  0.0000  -1.0000  0.0000  0.0000  0.0000  0.0000  -1.0000  0.0000  0.0046  0.001000
epoch:33 0.0000  0.0000  0.0000  -1.0000  0.0000  0.0000  0.0000  0.0000  -1.0000  0.0000  0.0045  0.001000
epoch:34 0.0000  0.0000  0.0000  -1.0000  0.0000  0.0000  0.0000  0.0000  -1.0000  0.0000  0.0044  0.001000
epoch:35 0.0000  0.0000  0.0000  -1.0000  0.0000  0.0000  0.0000  0.0000  -1.0000  0.0000  0.0043  0.001000
epoch:36 0.0000  0.0000  0.0000  -1.0000  0.0000  0.0000  0.0000  0.0000  -1.0000  0.0000  0.0041  0.001000
epoch:37 0.0000  0.0000  0.0000  -1.0000  0.0000  0.0000  0.0000  0.0000  -1.0000  0.0000  0.0043  0.001000
epoch:38 0.0000  0.0000  0.0000  -1.0000  0.0000  0.0000  0.0000  0.0000  -1.0000  0.0000  0.0042  0.001000
epoch:39 0.0000  0.0000  0.0000  -1.0000  0.0000  0.0000  0.0000  0.0000  -1.0000  0.0000  0.0041  0.001000
epoch:40 0.0000  0.0000  0.0000  -1.0000  0.0000  0.0000  0.0000  0.0000  -1.0000  0.0000  0.0041  0.001000
epoch:41 0.0000  0.0000  0.0000  -1.0000  0.0000  0.0000  0.0000  0.0000  -1.0000  0.0000  0.0041  0.001000
epoch:42 0.0000  0.0000  0.0000  -1.0000  0.0000  0.0000  0.0000  0.0000  -1.0000  0.0000  0.0045  0.001000
epoch:43 0.0000  0.0000  0.0000  -1.0000  0.0000  0.0000  0.0000  0.0000  -1.0000  0.0000  0.0041  0.001000
epoch:44 0.0000  0.0000  0.0000  -1.0000  0.0000  0.0000  0.0000  0.0000  -1.0000  0.0000  0.0042  0.001000
epoch:45 0.0000  0.0000  0.0000  -1.0000  0.0000  0.0000  0.0000  0.0000  -1.0000  0.0000  0.0041  0.001000
epoch:46 0.0000  0.0000  0.0000  -1.0000  0.0000  0.0000  0.0000  0.0000  -1.0000  0.0000  0.0042  0.001000
epoch:47 0.0000  0.0000  0.0000  -1.0000  0.0000  0.0000  0.0000  0.0000  -1.0000  0.0000  0.0042  0.001000
epoch:48 0.0000  0.0000  0.0000  -1.0000  0.0000  0.0000  0.0000  0.0000  -1.0000  0.0000  0.0042  0.001000
epoch:49 0.0000  0.0000  0.0000  -1.0000  0.0000  0.0000  0.0000  0.0000  -1.0000  0.0000  0.0044  0.001000
epoch:50 0.0000  0.0000  0.0000  -1.0000  0.0000  0.0000  0.0000  0.0000  -1.0000  0.0000  0.0041  0.001000
epoch:51 0.0000  0.0000  0.0000  -1.0000  0.0000  0.0000  0.0000  0.0000  -1.0000  0.0000  0.0041  0.001000
epoch:52 0.0000  0.0000  0.0000  -1.0000  0.0000  0.0000  0.0000  0.0000  -1.0000  0.0000  0.0045  0.001000
epoch:53 0.0000  0.0000  0.0000  -1.0000  0.0000  0.0000  0.0000  0.0000  -1.0000  0.0000  0.0043  0.001000
epoch:54 0.0000  0.0000  0.0000  -1.0000  0.0000  0.0000  0.0000  0.0000  -1.0000  0.0000  0.0040  0.001000
epoch:55 0.0000  0.0000  0.0000  -1.0000  0.0000  0.0000  0.0000  0.0000  -1.0000  0.0000  0.0039  0.001000
epoch:56 0.0000  0.0000  0.0000  -1.0000  0.0000  0.0000  0.0000  0.0000  -1.0000  0.0000  0.0042  0.001000
epoch:57 0.0000  0.0000  0.0000  -1.0000  0.0000  0.0000  0.0000  0.0000  -1.0000  0.0000  0.0042  0.001000
epoch:58 0.0000  0.0000  0.0000  -1.0000  0.0000  0.0000  0.0000  0.0000  -1.0000  0.0000  0.0040  0.001000
epoch:59 0.0000  0.0000  0.0000  -1.0000  0.0000  0.0000  0.0000  0.0000  -1.0000  0.0000  0.0039  0.001000
epoch:60 0.0000  0.0000  0.0000  -1.0000  0.0000  0.0000  0.0000  0.0000  -1.0000  0.0000  0.0042  0.001000
epoch:61 0.0000  0.0000  0.0000  -1.0000  0.0000  0.0000  0.0000  0.0000  -1.0000  0.0000  0.0043  0.001000
epoch:62 0.0000  0.0000  0.0000  -1.0000  0.0000  0.0000  0.0000  0.0000  -1.0000  0.0000  0.0041  0.001000
epoch:63 0.0000  0.0000  0.0000  -1.0000  0.0000  0.0000  0.0000  0.0000  -1.0000  0.0000  0.0041  0.001000
epoch:64 0.0000  0.0000  0.0000  -1.0000  0.0000  0.0000  0.0000  0.0000  -1.0000  0.0000  0.0043  0.001000
epoch:65 0.0000  0.0000  0.0000  -1.0000  0.0000  0.0000  0.0000  0.0000  -1.0000  0.0000  0.0041  0.001000
epoch:66 0.0000  0.0000  0.0000  -1.0000  0.0000  0.0000  0.0000  0.0000  -1.0000  0.0000  0.0042  0.001000
epoch:67 0.0000  0.0000  0.0000  -1.0000  0.0000  0.0000  0.0000  0.0000  -1.0000  0.0000  0.0041  0.001000
epoch:68 0.0000  0.0000  0.0000  -1.0000  0.0000  0.0000  0.0000  0.0000  -1.0000  0.0000  0.0042  0.001000
epoch:69 0.0000  0.0000  0.0000  -1.0000  0.0000  0.0000  0.0000  0.0000  -1.0000  0.0000  0.0039  0.001000
epoch:70 0.0000  0.0000  0.0000  -1.0000  0.0000  0.0000  0.0000  0.0000  -1.0000  0.0000  0.0039  0.001000
epoch:71 0.0000  0.0000  0.0000  -1.0000  0.0000  0.0000  0.0000  0.0000  -1.0000  0.0000  0.0038  0.001000
epoch:72 0.0000  0.0000  0.0000  -1.0000  0.0000  0.0000  0.0000  0.0000  -1.0000  0.0000  0.0042  0.001000
epoch:73 0.0000  0.0000  0.0000  -1.0000  0.0000  0.0000  0.0000  0.0000  -1.0000  0.0000  0.0039  0.001000
epoch:74 0.0000  0.0000  0.0000  -1.0000  0.0000  0.0000  0.0000  0.0000  -1.0000  0.0000  0.0040  0.001000
epoch:75 0.0000  0.0000  0.0000  -1.0000  0.0000  0.0000  0.0000  0.0000  -1.0000  0.0000  0.0040  0.001000
epoch:76 0.0000  0.0000  0.0000  -1.0000  0.0000  0.0000  0.0000  0.0000  -1.0000  0.0000  0.0040  0.001000
epoch:77 0.0000  0.0000  0.0000  -1.0000  0.0000  0.0000  0.0000  0.0000  -1.0000  0.0000  0.0039  0.001000
epoch:78 0.0000  0.0000  0.0000  -1.0000  0.0000  0.0000  0.0000  0.0000  -1.0000  0.0000  0.0038  0.001000
epoch:79 0.0000  0.0000  0.0000  -1.0000  0.0000  0.0000  0.0000  0.0000  -1.0000  0.0000  0.0036  0.001000
epoch:80 0.0000  0.0000  0.0000  -1.0000  0.0000  0.0000  0.0000  0.0000  -1.0000  0.0000  0.0036  0.001000
epoch:81 0.0000  0.0000  0.0000  -1.0000  0.0000  0.0000  0.0000  0.0000  -1.0000  0.0000  0.0040  0.001000
epoch:82 0.0000  0.0000  0.0000  -1.0000  0.0000  0.0000  0.0000  0.0000  -1.0000  0.0000  0.0043  0.001000
epoch:83 0.0000  0.0000  0.0000  -1.0000  0.0000  0.0000  0.0000  0.0000  -1.0000  0.0000  0.0045  0.001000
epoch:84 0.0000  0.0000  0.0000  -1.0000  0.0000  0.0000  0.0000  0.0000  -1.0000  0.0000  0.0039  0.001000
epoch:85 0.0000  0.0000  0.0000  -1.0000  0.0000  0.0000  0.0000  0.0000  -1.0000  0.0000  0.0042  0.001000
epoch:86 0.0000  0.0000  0.0000  -1.0000  0.0000  0.0000  0.0000  0.0000  -1.0000  0.0000  0.0038  0.001000
epoch:87 0.0000  0.0000  0.0000  -1.0000  0.0000  0.0000  0.0000  0.0000  -1.0000  0.0000  0.0037  0.001000
epoch:88 0.0000  0.0000  0.0000  -1.0000  0.0000  0.0000  0.0000  0.0000  -1.0000  0.0000  0.0037  0.001000
epoch:89 0.0000  0.0000  0.0000  -1.0000  0.0000  0.0000  0.0000  0.0000  -1.0000  0.0000  0.0038  0.001000
epoch:90 0.0000  0.0000  0.0000  -1.0000  0.0000  0.0000  0.0000  0.0000  -1.0000  0.0000  0.0039  0.001000
epoch:91 0.0000  0.0000  0.0000  -1.0000  0.0000  0.0000  0.0000  0.0000  -1.0000  0.0000  0.0037  0.001000
epoch:92 0.0000  0.0000  0.0000  -1.0000  0.0000  0.0000  0.0000  0.0000  -1.0000  0.0000  0.0038  0.001000
epoch:93 0.0000  0.0000  0.0000  -1.0000  0.0000  0.0000  0.0000  0.0000  -1.0000  0.0000  0.0036  0.001000
epoch:94 0.0000  0.0000  0.0000  -1.0000  0.0000  0.0000  0.0000  0.0000  -1.0000  0.0000  0.0039  0.001000
epoch:95 0.0000  0.0000  0.0000  -1.0000  0.0000  0.0000  0.0000  0.0000  -1.0000  0.0000  0.0039  0.001000
epoch:96 0.0000  0.0000  0.0000  -1.0000  0.0000  0.0000  0.0000  0.0000  -1.0000  0.0000  0.0039  0.001000
epoch:97 0.0000  0.0000  0.0000  -1.0000  0.0000  0.0000  0.0000  0.0000  -1.0000  0.0000  0.0036  0.001000
epoch:98 0.0000  0.0000  0.0000  -1.0000  0.0000  0.0000  0.0000  0.0000  -1.0000  0.0000  0.0037  0.001000
epoch:99 0.0000  0.0000  0.0000  -1.0000  0.0000  0.0000  0.0000  0.0000  -1.0000  0.0000  0.0037  0.001000
epoch:100 0.0000  0.0000  0.0000  -1.0000  0.0000  0.0000  0.0000  0.0000  -1.0000  0.0000  0.0039  0.001000
epoch:101 0.0000  0.0000  0.0000  -1.0000  0.0000  0.0000  0.0000  0.0000  -1.0000  0.0000  0.0037  0.001000
epoch:102 0.0000  0.0000  0.0000  -1.0000  0.0000  0.0000  0.0000  0.0000  -1.0000  0.0000  0.0035  0.001000
epoch:103 0.0000  0.0000  0.0000  -1.0000  0.0000  0.0000  0.0000  0.0000  -1.0000  0.0000  0.0036  0.001000
epoch:104 0.0000  0.0000  0.0000  -1.0000  0.0000  0.0000  0.0000  0.0000  -1.0000  0.0000  0.0037  0.001000
epoch:105 0.0000  0.0000  0.0000  -1.0000  0.0000  0.0000  0.0000  0.0000  -1.0000  0.0000  0.0034  0.001000
epoch:106 0.0000  0.0000  0.0000  -1.0000  0.0000  0.0000  0.0000  0.0000  -1.0000  0.0000  0.0037  0.001000
epoch:107 0.0000  0.0000  0.0000  -1.0000  0.0000  0.0000  0.0000  0.0000  -1.0000  0.0000  0.0036  0.001000
epoch:108 0.0000  0.0000  0.0000  -1.0000  0.0000  0.0000  0.0000  0.0000  -1.0000  0.0000  0.0034  0.001000
epoch:109 0.0000  0.0000  0.0000  -1.0000  0.0000  0.0000  0.0000  0.0000  -1.0000  0.0000  0.0035  0.001000
epoch:110 0.0000  0.0000  0.0000  -1.0000  0.0000  0.0000  0.0000  0.0000  -1.0000  0.0000  0.0037  0.001000
epoch:111 0.0000  0.0000  0.0000  -1.0000  0.0000  0.0000  0.0000  0.0000  -1.0000  0.0000  0.0036  0.001000
epoch:112 0.0000  0.0000  0.0000  -1.0000  0.0000  0.0000  0.0000  0.0000  -1.0000  0.0000  0.0035  0.001000
epoch:113 0.0000  0.0000  0.0000  -1.0000  0.0000  0.0000  0.0000  0.0000  -1.0000  0.0000  0.0034  0.001000
epoch:114 0.0000  0.0000  0.0000  -1.0000  0.0000  0.0000  0.0000  0.0000  -1.0000  0.0000  0.0034  0.001000
epoch:115 0.0000  0.0000  0.0000  -1.0000  0.0000  0.0000  0.0000  0.0000  -1.0000  0.0000  0.0034  0.001000
epoch:116 0.0000  0.0000  0.0000  -1.0000  0.0000  0.0000  0.0000  0.0000  -1.0000  0.0000  0.0033  0.001000
epoch:117 0.0000  0.0000  0.0000  -1.0000  0.0000  0.0000  0.0000  0.0000  -1.0000  0.0000  0.0035  0.001000
epoch:118 0.0000  0.0000  0.0000  -1.0000  0.0000  0.0000  0.0000  0.0000  -1.0000  0.0000  0.0037  0.001000
epoch:119 0.0000  0.0000  0.0000  -1.0000  0.0000  0.0000  0.0000  0.0000  -1.0000  0.0000  0.0035  0.001000
epoch:120 0.0000  0.0000  0.0000  -1.0000  0.0000  0.0000  0.0000  0.0000  -1.0000  0.0000  0.0035  0.001000
epoch:121 0.0000  0.0000  0.0000  -1.0000  0.0000  0.0000  0.0000  0.0000  -1.0000  0.0000  0.0035  0.001000
epoch:122 0.0000  0.0000  0.0000  -1.0000  0.0000  0.0000  0.0000  0.0000  -1.0000  0.0000  0.0033  0.001000
epoch:123 0.0000  0.0000  0.0000  -1.0000  0.0000  0.0000  0.0000  0.0000  -1.0000  0.0000  0.0036  0.001000
epoch:124 0.0000  0.0000  0.0000  -1.0000  0.0000  0.0000  0.0000  0.0000  -1.0000  0.0000  0.0033  0.001000
epoch:125 0.0000  0.0000  0.0000  -1.0000  0.0000  0.0000  0.0000  0.0000  -1.0000  0.0000  0.0033  0.001000
epoch:126 0.0000  0.0000  0.0000  -1.0000  0.0000  0.0000  0.0000  0.0000  -1.0000  0.0000  0.0035  0.001000
epoch:127 0.0000  0.0000  0.0000  -1.0000  0.0000  0.0000  0.0000  0.0000  -1.0000  0.0000  0.0033  0.001000
epoch:128 0.0000  0.0000  0.0000  -1.0000  0.0000  0.0000  0.0000  0.0000  -1.0000  0.0000  0.0032  0.001000
epoch:129 0.0000  0.0000  0.0000  -1.0000  0.0000  0.0000  0.0000  0.0000  -1.0000  0.0000  0.0033  0.001000
epoch:130 0.0000  0.0000  0.0000  -1.0000  0.0000  0.0000  0.0000  0.0000  -1.0000  0.0000  0.0032  0.001000
epoch:131 0.0000  0.0000  0.0000  -1.0000  0.0000  0.0000  0.0000  0.0000  -1.0000  0.0000  0.0033  0.001000
epoch:132 0.0000  0.0000  0.0000  -1.0000  0.0000  0.0000  0.0000  0.0000  -1.0000  0.0000  0.0033  0.001000
epoch:133 0.0000  0.0000  0.0000  -1.0000  0.0000  0.0000  0.0000  0.0000  -1.0000  0.0000  0.0032  0.001000
epoch:134 0.0000  0.0000  0.0000  -1.0000  0.0000  0.0000  0.0000  0.0000  -1.0000  0.0000  0.0031  0.001000
epoch:135 0.0000  0.0000  0.0000  -1.0000  0.0000  0.0000  0.0000  0.0000  -1.0000  0.0000  0.0033  0.001000
epoch:136 0.0000  0.0000  0.0000  -1.0000  0.0000  0.0000  0.0000  0.0000  -1.0000  0.0000  0.0034  0.001000
epoch:137 0.0000  0.0000  0.0000  -1.0000  0.0000  0.0000  0.0000  0.0000  -1.0000  0.0000  0.0033  0.001000
epoch:138 0.0000  0.0000  0.0000  -1.0000  0.0000  0.0000  0.0000  0.0000  -1.0000  0.0000  0.0035  0.001000
epoch:139 0.0000  0.0000  0.0000  -1.0000  0.0000  0.0000  0.0000  0.0000  -1.0000  0.0000  0.0033  0.001000
epoch:140 0.0000  0.0000  0.0000  -1.0000  0.0000  0.0000  0.0000  0.0000  -1.0000  0.0000  0.0031  0.001000
epoch:141 0.0000  0.0000  0.0000  -1.0000  0.0000  0.0000  0.0000  0.0000  -1.0000  0.0000  0.0031  0.001000
epoch:142 0.0000  0.0000  0.0000  -1.0000  0.0000  0.0000  0.0000  0.0000  -1.0000  0.0000  0.0031  0.001000
epoch:143 0.0000  0.0000  0.0000  -1.0000  0.0000  0.0000  0.0000  0.0000  -1.0000  0.0000  0.0032  0.001000
epoch:144 0.0000  0.0000  0.0000  -1.0000  0.0000  0.0000  0.0000  0.0000  -1.0000  0.0000  0.0031  0.001000
epoch:145 0.0000  0.0000  0.0000  -1.0000  0.0000  0.0000  0.0000  0.0000  -1.0000  0.0000  0.0033  0.001000
epoch:146 0.0000  0.0000  0.0000  -1.0000  0.0000  0.0000  0.0000  0.0000  -1.0000  0.0000  0.0033  0.001000
epoch:147 0.0000  0.0000  0.0000  -1.0000  0.0000  0.0000  0.0000  0.0000  -1.0000  0.0000  0.0029  0.001000
epoch:148 0.0000  0.0000  0.0000  -1.0000  0.0000  0.0000  0.0000  0.0000  -1.0000  0.0000  0.0030  0.001000
epoch:149 0.0000  0.0000  0.0000  -1.0000  0.0000  0.0000  0.0000  0.0000  -1.0000  0.0000  0.0030  0.001000
epoch:150 0.0000  0.0000  0.0000  -1.0000  0.0000  0.0000  0.0000  0.0000  -1.0000  0.0000  0.0031  0.001000
epoch:151 0.0000  0.0000  0.0000  -1.0000  0.0000  0.0000  0.0000  0.0000  -1.0000  0.0000  0.0031  0.001000
epoch:152 0.0000  0.0000  0.0000  -1.0000  0.0000  0.0000  0.0000  0.0000  -1.0000  0.0000  0.0031  0.001000
epoch:153 0.0000  0.0000  0.0000  -1.0000  0.0000  0.0000  0.0000  0.0000  -1.0000  0.0000  0.0031  0.001000
epoch:154 0.0000  0.0000  0.0000  -1.0000  0.0000  0.0000  0.0000  0.0000  -1.0000  0.0000  0.0034  0.001000
epoch:155 0.0000  0.0000  0.0000  -1.0000  0.0000  0.0000  0.0000  0.0000  -1.0000  0.0000  0.0032  0.001000
epoch:156 0.0000  0.0000  0.0000  -1.0000  0.0000  0.0000  0.0000  0.0000  -1.0000  0.0000  0.0031  0.001000
epoch:157 0.0000  0.0000  0.0000  -1.0000  0.0000  0.0000  0.0000  0.0000  -1.0000  0.0000  0.0030  0.001000
epoch:158 0.0000  0.0000  0.0000  -1.0000  0.0000  0.0000  0.0000  0.0000  -1.0000  0.0000  0.0030  0.001000
epoch:159 0.0000  0.0000  0.0000  -1.0000  0.0000  0.0000  0.0000  0.0000  -1.0000  0.0000  0.0031  0.001000
epoch:160 0.0000  0.0000  0.0000  -1.0000  0.0000  0.0000  0.0000  0.0000  -1.0000  0.0000  0.0029  0.001000
epoch:161 0.0000  0.0000  0.0000  -1.0000  0.0000  0.0000  0.0000  0.0000  -1.0000  0.0000  0.0029  0.001000
epoch:162 0.0000  0.0000  0.0000  -1.0000  0.0000  0.0000  0.0000  0.0000  -1.0000  0.0000  0.0030  0.001000
epoch:163 0.0000  0.0000  0.0000  -1.0000  0.0000  0.0000  0.0000  0.0000  -1.0000  0.0000  0.0029  0.001000
epoch:164 0.0000  0.0000  0.0000  -1.0000  0.0000  0.0000  0.0000  0.0000  -1.0000  0.0000  0.0030  0.001000
epoch:165 0.0000  0.0000  0.0000  -1.0000  0.0000  0.0000  0.0000  0.0000  -1.0000  0.0000  0.0029  0.001000
epoch:166 0.0000  0.0000  0.0000  -1.0000  0.0000  0.0000  0.0000  0.0000  -1.0000  0.0000  0.0031  0.001000
epoch:167 0.0000  0.0000  0.0000  -1.0000  0.0000  0.0000  0.0000  0.0000  -1.0000  0.0000  0.0029  0.001000
epoch:168 0.0000  0.0000  0.0000  -1.0000  0.0000  0.0000  0.0000  0.0000  -1.0000  0.0000  0.0030  0.001000
epoch:169 0.0000  0.0000  0.0000  -1.0000  0.0000  0.0000  0.0000  0.0000  -1.0000  0.0000  0.0029  0.001000
epoch:170 0.0000  0.0000  0.0000  -1.0000  0.0000  0.0000  0.0000  0.0000  -1.0000  0.0000  0.0026  0.000100
epoch:171 0.0000  0.0000  0.0000  -1.0000  0.0000  0.0000  0.0000  0.0000  -1.0000  0.0000  0.0026  0.000100
epoch:172 0.0000  0.0000  0.0000  -1.0000  0.0000  0.0000  0.0000  0.0000  -1.0000  0.0000  0.0026  0.000100
epoch:173 0.0000  0.0000  0.0000  -1.0000  0.0000  0.0000  0.0000  0.0000  -1.0000  0.0000  0.0025  0.000100
epoch:174 0.0000  0.0000  0.0000  -1.0000  0.0000  0.0000  0.0000  0.0000  -1.0000  0.0000  0.0024  0.000100
epoch:175 0.0000  0.0000  0.0000  -1.0000  0.0000  0.0000  0.0000  0.0000  -1.0000  0.0000  0.0024  0.000100
epoch:176 0.0000  0.0000  0.0000  -1.0000  0.0000  0.0000  0.0000  0.0000  -1.0000  0.0000  0.0024  0.000100
epoch:177 0.0000  0.0000  0.0000  -1.0000  0.0000  0.0000  0.0000  0.0000  -1.0000  0.0000  0.0024  0.000100
epoch:178 0.0000  0.0000  0.0000  -1.0000  0.0000  0.0000  0.0000  0.0000  -1.0000  0.0000  0.0023  0.000100
epoch:179 0.0000  0.0000  0.0000  -1.0000  0.0000  0.0000  0.0000  0.0000  -1.0000  0.0000  0.0024  0.000100
epoch:180 0.0000  0.0000  0.0000  -1.0000  0.0000  0.0000  0.0000  0.0000  -1.0000  0.0000  0.0024  0.000100
epoch:181 0.0000  0.0000  0.0000  -1.0000  0.0000  0.0000  0.0000  0.0000  -1.0000  0.0000  0.0023  0.000100
epoch:182 0.0000  0.0000  0.0000  -1.0000  0.0000  0.0000  0.0000  0.0000  -1.0000  0.0000  0.0024  0.000100
epoch:183 0.0000  0.0000  0.0000  -1.0000  0.0000  0.0000  0.0000  0.0000  -1.0000  0.0000  0.0023  0.000100
epoch:184 0.0000  0.0000  0.0000  -1.0000  0.0000  0.0000  0.0000  0.0000  -1.0000  0.0000  0.0023  0.000100
epoch:185 0.0000  0.0000  0.0000  -1.0000  0.0000  0.0000  0.0000  0.0000  -1.0000  0.0000  0.0023  0.000100
epoch:186 0.0000  0.0000  0.0000  -1.0000  0.0000  0.0000  0.0000  0.0000  -1.0000  0.0000  0.0023  0.000100
epoch:187 0.0000  0.0000  0.0000  -1.0000  0.0000  0.0000  0.0000  0.0000  -1.0000  0.0000  0.0023  0.000100
epoch:188 0.0000  0.0000  0.0000  -1.0000  0.0000  0.0000  0.0000  0.0000  -1.0000  0.0000  0.0023  0.000100
epoch:189 0.0000  0.0000  0.0000  -1.0000  0.0000  0.0000  0.0000  0.0000  -1.0000  0.0000  0.0023  0.000100
epoch:190 0.0000  0.0000  0.0000  -1.0000  0.0000  0.0000  0.0000  0.0000  -1.0000  0.0000  0.0023  0.000100
epoch:191 0.0000  0.0000  0.0000  -1.0000  0.0000  0.0000  0.0000  0.0000  -1.0000  0.0000  0.0022  0.000100
epoch:192 0.0000  0.0000  0.0000  -1.0000  0.0000  0.0000  0.0000  0.0000  -1.0000  0.0000  0.0022  0.000100
epoch:193 0.0000  0.0000  0.0000  -1.0000  0.0000  0.0000  0.0000  0.0000  -1.0000  0.0000  0.0022  0.000100
epoch:194 0.0000  0.0000  0.0000  -1.0000  0.0000  0.0000  0.0000  0.0000  -1.0000  0.0000  0.0022  0.000100
epoch:195 0.0000  0.0000  0.0000  -1.0000  0.0000  0.0000  0.0000  0.0000  -1.0000  0.0000  0.0022  0.000100
epoch:196 0.0000  0.0000  0.0000  -1.0000  0.0000  0.0000  0.0000  0.0000  -1.0000  0.0000  0.0022  0.000100
epoch:197 0.0000  0.0000  0.0000  -1.0000  0.0000  0.0000  0.0000  0.0000  -1.0000  0.0000  0.0022  0.000100
epoch:198 0.0000  0.0000  0.0000  -1.0000  0.0000  0.0000  0.0000  0.0000  -1.0000  0.0000  0.0022  0.000100
epoch:199 0.0000  0.0000  0.0000  -1.0000  0.0000  0.0000  0.0000  0.0000  -1.0000  0.0000  0.0022  0.000100
epoch:200 0.0000  0.0000  0.0000  -1.0000  0.0000  0.0000  0.0000  0.0000  -1.0000  0.0000  0.0022  0.000010
epoch:201 0.0000  0.0000  0.0000  -1.0000  0.0000  0.0000  0.0000  0.0000  -1.0000  0.0000  0.0022  0.000010
epoch:202 0.0000  0.0000  0.0000  -1.0000  0.0000  0.0000  0.0000  0.0000  -1.0000  0.0000  0.0022  0.000010
epoch:203 0.0000  0.0000  0.0000  -1.0000  0.0000  0.0000  0.0000  0.0000  -1.0000  0.0000  0.0022  0.000010
epoch:204 0.0000  0.0000  0.0000  -1.0000  0.0000  0.0000  0.0000  0.0000  -1.0000  0.0000  0.0022  0.000010
epoch:205 0.0000  0.0000  0.0000  -1.0000  0.0000  0.0000  0.0000  0.0000  -1.0000  0.0000  0.0023  0.000010
epoch:206 0.0000  0.0000  0.0000  -1.0000  0.0000  0.0000  0.0000  0.0000  -1.0000  0.0000  0.0022  0.000010
epoch:207 0.0000  0.0000  0.0000  -1.0000  0.0000  0.0000  0.0000  0.0000  -1.0000  0.0000  0.0022  0.000010
epoch:208 0.0000  0.0000  0.0000  -1.0000  0.0000  0.0000  0.0000  0.0000  -1.0000  0.0000  0.0022  0.000010
epoch:209 0.0000  0.0000  0.0000  -1.0000  0.0000  0.0000  0.0000  0.0000  -1.0000  0.0000  0.0021  0.000010
