epoch:0 -1.0000  -1.0000  -1.0000  -1.0000  -1.0000  -1.0000  -1.0000  -1.0000  -1.0000  -1.0000  0.2755  0.001000
epoch:1 -1.0000  -1.0000  -1.0000  -1.0000  -1.0000  -1.0000  -1.0000  -1.0000  -1.0000  -1.0000  0.0239  0.001000
epoch:2 -1.0000  -1.0000  -1.0000  -1.0000  -1.0000  -1.0000  -1.0000  -1.0000  -1.0000  -1.0000  0.0149  0.001000
epoch:3 -1.0000  -1.0000  -1.0000  -1.0000  -1.0000  -1.0000  -1.0000  -1.0000  -1.0000  -1.0000  0.0114  0.001000
epoch:4 -1.0000  -1.0000  -1.0000  -1.0000  -1.0000  -1.0000  -1.0000  -1.0000  -1.0000  -1.0000  0.0090  0.001000
epoch:5 -1.0000  -1.0000  -1.0000  -1.0000  -1.0000  -1.0000  -1.0000  -1.0000  -1.0000  -1.0000  0.0079  0.001000
epoch:6 -1.0000  -1.0000  -1.0000  -1.0000  -1.0000  -1.0000  -1.0000  -1.0000  -1.0000  -1.0000  0.0070  0.001000
epoch:7 -1.0000  -1.0000  -1.0000  -1.0000  -1.0000  -1.0000  -1.0000  -1.0000  -1.0000  -1.0000  0.0065  0.001000
epoch:8 -1.0000  -1.0000  -1.0000  -1.0000  -1.0000  -1.0000  -1.0000  -1.0000  -1.0000  -1.0000  0.0061  0.001000
epoch:9 -1.0000  -1.0000  -1.0000  -1.0000  -1.0000  -1.0000  -1.0000  -1.0000  -1.0000  -1.0000  0.0057  0.001000
epoch:10 -1.0000  -1.0000  -1.0000  -1.0000  -1.0000  -1.0000  -1.0000  -1.0000  -1.0000  -1.0000  0.0057  0.001000
epoch:11 -1.0000  -1.0000  -1.0000  -1.0000  -1.0000  -1.0000  -1.0000  -1.0000  -1.0000  -1.0000  0.0054  0.001000
epoch:12 -1.0000  -1.0000  -1.0000  -1.0000  -1.0000  -1.0000  -1.0000  -1.0000  -1.0000  -1.0000  0.0053  0.001000
epoch:13 -1.0000  -1.0000  -1.0000  -1.0000  -1.0000  -1.0000  -1.0000  -1.0000  -1.0000  -1.0000  0.0049  0.001000
epoch:14 -1.0000  -1.0000  -1.0000  -1.0000  -1.0000  -1.0000  -1.0000  -1.0000  -1.0000  -1.0000  0.0050  0.001000
epoch:15 -1.0000  -1.0000  -1.0000  -1.0000  -1.0000  -1.0000  -1.0000  -1.0000  -1.0000  -1.0000  0.0048  0.001000
epoch:16 -1.0000  -1.0000  -1.0000  -1.0000  -1.0000  -1.0000  -1.0000  -1.0000  -1.0000  -1.0000  0.0048  0.001000
epoch:17 -1.0000  -1.0000  -1.0000  -1.0000  -1.0000  -1.0000  -1.0000  -1.0000  -1.0000  -1.0000  0.0046  0.001000
epoch:18 -1.0000  -1.0000  -1.0000  -1.0000  -1.0000  -1.0000  -1.0000  -1.0000  -1.0000  -1.0000  0.0047  0.001000
epoch:19 -1.0000  -1.0000  -1.0000  -1.0000  -1.0000  -1.0000  -1.0000  -1.0000  -1.0000  -1.0000  0.0046  0.001000
epoch:20 -1.0000  -1.0000  -1.0000  -1.0000  -1.0000  -1.0000  -1.0000  -1.0000  -1.0000  -1.0000  0.0047  0.001000
epoch:21 -1.0000  -1.0000  -1.0000  -1.0000  -1.0000  -1.0000  -1.0000  -1.0000  -1.0000  -1.0000  0.0045  0.001000
epoch:22 -1.0000  -1.0000  -1.0000  -1.0000  -1.0000  -1.0000  -1.0000  -1.0000  -1.0000  -1.0000  0.0047  0.001000
epoch:23 -1.0000  -1.0000  -1.0000  -1.0000  -1.0000  -1.0000  -1.0000  -1.0000  -1.0000  -1.0000  0.0046  0.001000
epoch:24 -1.0000  -1.0000  -1.0000  -1.0000  -1.0000  -1.0000  -1.0000  -1.0000  -1.0000  -1.0000  0.0045  0.001000
epoch:25 -1.0000  -1.0000  -1.0000  -1.0000  -1.0000  -1.0000  -1.0000  -1.0000  -1.0000  -1.0000  0.0042  0.001000
epoch:26 -1.0000  -1.0000  -1.0000  -1.0000  -1.0000  -1.0000  -1.0000  -1.0000  -1.0000  -1.0000  0.0043  0.001000
epoch:27 -1.0000  -1.0000  -1.0000  -1.0000  -1.0000  -1.0000  -1.0000  -1.0000  -1.0000  -1.0000  0.0043  0.001000
epoch:28 -1.0000  -1.0000  -1.0000  -1.0000  -1.0000  -1.0000  -1.0000  -1.0000  -1.0000  -1.0000  0.0045  0.001000
epoch:29 -1.0000  -1.0000  -1.0000  -1.0000  -1.0000  -1.0000  -1.0000  -1.0000  -1.0000  -1.0000  0.0043  0.001000
epoch:30 -1.0000  -1.0000  -1.0000  -1.0000  -1.0000  -1.0000  -1.0000  -1.0000  -1.0000  -1.0000  0.0042  0.001000
epoch:31 -1.0000  -1.0000  -1.0000  -1.0000  -1.0000  -1.0000  -1.0000  -1.0000  -1.0000  -1.0000  0.0042  0.001000
epoch:32 -1.0000  -1.0000  -1.0000  -1.0000  -1.0000  -1.0000  -1.0000  -1.0000  -1.0000  -1.0000  0.0040  0.001000
epoch:33 -1.0000  -1.0000  -1.0000  -1.0000  -1.0000  -1.0000  -1.0000  -1.0000  -1.0000  -1.0000  0.0042  0.001000
epoch:34 -1.0000  -1.0000  -1.0000  -1.0000  -1.0000  -1.0000  -1.0000  -1.0000  -1.0000  -1.0000  0.0042  0.001000
epoch:35 -1.0000  -1.0000  -1.0000  -1.0000  -1.0000  -1.0000  -1.0000  -1.0000  -1.0000  -1.0000  0.0040  0.001000
epoch:36 -1.0000  -1.0000  -1.0000  -1.0000  -1.0000  -1.0000  -1.0000  -1.0000  -1.0000  -1.0000  0.0040  0.001000
epoch:37 -1.0000  -1.0000  -1.0000  -1.0000  -1.0000  -1.0000  -1.0000  -1.0000  -1.0000  -1.0000  0.0045  0.001000
epoch:38 -1.0000  -1.0000  -1.0000  -1.0000  -1.0000  -1.0000  -1.0000  -1.0000  -1.0000  -1.0000  0.0042  0.001000
epoch:39 -1.0000  -1.0000  -1.0000  -1.0000  -1.0000  -1.0000  -1.0000  -1.0000  -1.0000  -1.0000  0.0041  0.001000
epoch:40 -1.0000  -1.0000  -1.0000  -1.0000  -1.0000  -1.0000  -1.0000  -1.0000  -1.0000  -1.0000  0.0043  0.001000
epoch:41 -1.0000  -1.0000  -1.0000  -1.0000  -1.0000  -1.0000  -1.0000  -1.0000  -1.0000  -1.0000  0.0041  0.001000
epoch:42 -1.0000  -1.0000  -1.0000  -1.0000  -1.0000  -1.0000  -1.0000  -1.0000  -1.0000  -1.0000  0.0039  0.001000
epoch:43 -1.0000  -1.0000  -1.0000  -1.0000  -1.0000  -1.0000  -1.0000  -1.0000  -1.0000  -1.0000  0.0042  0.001000
epoch:44 -1.0000  -1.0000  -1.0000  -1.0000  -1.0000  -1.0000  -1.0000  -1.0000  -1.0000  -1.0000  0.0042  0.001000
epoch:45 -1.0000  -1.0000  -1.0000  -1.0000  -1.0000  -1.0000  -1.0000  -1.0000  -1.0000  -1.0000  0.0038  0.001000
epoch:46 -1.0000  -1.0000  -1.0000  -1.0000  -1.0000  -1.0000  -1.0000  -1.0000  -1.0000  -1.0000  0.0041  0.001000
epoch:47 -1.0000  -1.0000  -1.0000  -1.0000  -1.0000  -1.0000  -1.0000  -1.0000  -1.0000  -1.0000  0.0044  0.001000
epoch:48 -1.0000  -1.0000  -1.0000  -1.0000  -1.0000  -1.0000  -1.0000  -1.0000  -1.0000  -1.0000  0.0044  0.001000
epoch:49 -1.0000  -1.0000  -1.0000  -1.0000  -1.0000  -1.0000  -1.0000  -1.0000  -1.0000  -1.0000  0.0041  0.001000
epoch:50 -1.0000  -1.0000  -1.0000  -1.0000  -1.0000  -1.0000  -1.0000  -1.0000  -1.0000  -1.0000  0.0042  0.001000
epoch:51 -1.0000  -1.0000  -1.0000  -1.0000  -1.0000  -1.0000  -1.0000  -1.0000  -1.0000  -1.0000  0.0041  0.001000
epoch:52 -1.0000  -1.0000  -1.0000  -1.0000  -1.0000  -1.0000  -1.0000  -1.0000  -1.0000  -1.0000  0.0043  0.001000
epoch:53 -1.0000  -1.0000  -1.0000  -1.0000  -1.0000  -1.0000  -1.0000  -1.0000  -1.0000  -1.0000  0.0042  0.001000
epoch:54 -1.0000  -1.0000  -1.0000  -1.0000  -1.0000  -1.0000  -1.0000  -1.0000  -1.0000  -1.0000  0.0042  0.001000
epoch:55 -1.0000  -1.0000  -1.0000  -1.0000  -1.0000  -1.0000  -1.0000  -1.0000  -1.0000  -1.0000  0.0041  0.001000
epoch:56 -1.0000  -1.0000  -1.0000  -1.0000  -1.0000  -1.0000  -1.0000  -1.0000  -1.0000  -1.0000  0.0040  0.001000
epoch:57 -1.0000  -1.0000  -1.0000  -1.0000  -1.0000  -1.0000  -1.0000  -1.0000  -1.0000  -1.0000  0.0040  0.001000
epoch:58 -1.0000  -1.0000  -1.0000  -1.0000  -1.0000  -1.0000  -1.0000  -1.0000  -1.0000  -1.0000  0.0041  0.001000
epoch:59 -1.0000  -1.0000  -1.0000  -1.0000  -1.0000  -1.0000  -1.0000  -1.0000  -1.0000  -1.0000  0.0040  0.001000
epoch:60 -1.0000  -1.0000  -1.0000  -1.0000  -1.0000  -1.0000  -1.0000  -1.0000  -1.0000  -1.0000  0.0041  0.001000
epoch:61 -1.0000  -1.0000  -1.0000  -1.0000  -1.0000  -1.0000  -1.0000  -1.0000  -1.0000  -1.0000  0.0044  0.001000
epoch:62 -1.0000  -1.0000  -1.0000  -1.0000  -1.0000  -1.0000  -1.0000  -1.0000  -1.0000  -1.0000  0.0039  0.001000
epoch:63 -1.0000  -1.0000  -1.0000  -1.0000  -1.0000  -1.0000  -1.0000  -1.0000  -1.0000  -1.0000  0.0038  0.001000
epoch:64 -1.0000  -1.0000  -1.0000  -1.0000  -1.0000  -1.0000  -1.0000  -1.0000  -1.0000  -1.0000  0.0040  0.001000
epoch:65 -1.0000  -1.0000  -1.0000  -1.0000  -1.0000  -1.0000  -1.0000  -1.0000  -1.0000  -1.0000  0.0040  0.001000
epoch:66 -1.0000  -1.0000  -1.0000  -1.0000  -1.0000  -1.0000  -1.0000  -1.0000  -1.0000  -1.0000  0.0042  0.001000
epoch:67 -1.0000  -1.0000  -1.0000  -1.0000  -1.0000  -1.0000  -1.0000  -1.0000  -1.0000  -1.0000  0.0041  0.001000
epoch:68 -1.0000  -1.0000  -1.0000  -1.0000  -1.0000  -1.0000  -1.0000  -1.0000  -1.0000  -1.0000  0.0039  0.001000
epoch:69 -1.0000  -1.0000  -1.0000  -1.0000  -1.0000  -1.0000  -1.0000  -1.0000  -1.0000  -1.0000  0.0039  0.001000
epoch:70 -1.0000  -1.0000  -1.0000  -1.0000  -1.0000  -1.0000  -1.0000  -1.0000  -1.0000  -1.0000  0.0044  0.001000
epoch:71 -1.0000  -1.0000  -1.0000  -1.0000  -1.0000  -1.0000  -1.0000  -1.0000  -1.0000  -1.0000  0.0040  0.001000
epoch:72 -1.0000  -1.0000  -1.0000  -1.0000  -1.0000  -1.0000  -1.0000  -1.0000  -1.0000  -1.0000  0.0039  0.001000
epoch:73 -1.0000  -1.0000  -1.0000  -1.0000  -1.0000  -1.0000  -1.0000  -1.0000  -1.0000  -1.0000  0.0039  0.001000
epoch:74 -1.0000  -1.0000  -1.0000  -1.0000  -1.0000  -1.0000  -1.0000  -1.0000  -1.0000  -1.0000  0.0038  0.001000
epoch:75 -1.0000  -1.0000  -1.0000  -1.0000  -1.0000  -1.0000  -1.0000  -1.0000  -1.0000  -1.0000  0.0037  0.001000
epoch:76 -1.0000  -1.0000  -1.0000  -1.0000  -1.0000  -1.0000  -1.0000  -1.0000  -1.0000  -1.0000  0.0038  0.001000
epoch:77 -1.0000  -1.0000  -1.0000  -1.0000  -1.0000  -1.0000  -1.0000  -1.0000  -1.0000  -1.0000  0.0036  0.001000
epoch:78 -1.0000  -1.0000  -1.0000  -1.0000  -1.0000  -1.0000  -1.0000  -1.0000  -1.0000  -1.0000  0.0041  0.001000
epoch:79 -1.0000  -1.0000  -1.0000  -1.0000  -1.0000  -1.0000  -1.0000  -1.0000  -1.0000  -1.0000  0.0041  0.001000
epoch:80 -1.0000  -1.0000  -1.0000  -1.0000  -1.0000  -1.0000  -1.0000  -1.0000  -1.0000  -1.0000  0.0038  0.001000
epoch:81 -1.0000  -1.0000  -1.0000  -1.0000  -1.0000  -1.0000  -1.0000  -1.0000  -1.0000  -1.0000  0.0038  0.001000
epoch:82 -1.0000  -1.0000  -1.0000  -1.0000  -1.0000  -1.0000  -1.0000  -1.0000  -1.0000  -1.0000  0.0036  0.001000
epoch:83 -1.0000  -1.0000  -1.0000  -1.0000  -1.0000  -1.0000  -1.0000  -1.0000  -1.0000  -1.0000  0.0037  0.001000
epoch:84 -1.0000  -1.0000  -1.0000  -1.0000  -1.0000  -1.0000  -1.0000  -1.0000  -1.0000  -1.0000  0.0038  0.001000
epoch:85 -1.0000  -1.0000  -1.0000  -1.0000  -1.0000  -1.0000  -1.0000  -1.0000  -1.0000  -1.0000  0.0041  0.001000
epoch:86 -1.0000  -1.0000  -1.0000  -1.0000  -1.0000  -1.0000  -1.0000  -1.0000  -1.0000  -1.0000  0.0040  0.001000
epoch:87 -1.0000  -1.0000  -1.0000  -1.0000  -1.0000  -1.0000  -1.0000  -1.0000  -1.0000  -1.0000  0.0039  0.001000
epoch:88 -1.0000  -1.0000  -1.0000  -1.0000  -1.0000  -1.0000  -1.0000  -1.0000  -1.0000  -1.0000  0.0039  0.001000
epoch:89 -1.0000  -1.0000  -1.0000  -1.0000  -1.0000  -1.0000  -1.0000  -1.0000  -1.0000  -1.0000  0.0037  0.001000
epoch:90 -1.0000  -1.0000  -1.0000  -1.0000  -1.0000  -1.0000  -1.0000  -1.0000  -1.0000  -1.0000  0.0036  0.001000
epoch:91 -1.0000  -1.0000  -1.0000  -1.0000  -1.0000  -1.0000  -1.0000  -1.0000  -1.0000  -1.0000  0.0036  0.001000
epoch:92 -1.0000  -1.0000  -1.0000  -1.0000  -1.0000  -1.0000  -1.0000  -1.0000  -1.0000  -1.0000  0.0035  0.001000
epoch:93 -1.0000  -1.0000  -1.0000  -1.0000  -1.0000  -1.0000  -1.0000  -1.0000  -1.0000  -1.0000  0.0036  0.001000
epoch:94 -1.0000  -1.0000  -1.0000  -1.0000  -1.0000  -1.0000  -1.0000  -1.0000  -1.0000  -1.0000  0.0037  0.001000
epoch:95 -1.0000  -1.0000  -1.0000  -1.0000  -1.0000  -1.0000  -1.0000  -1.0000  -1.0000  -1.0000  0.0036  0.001000
epoch:96 -1.0000  -1.0000  -1.0000  -1.0000  -1.0000  -1.0000  -1.0000  -1.0000  -1.0000  -1.0000  0.0036  0.001000
epoch:97 -1.0000  -1.0000  -1.0000  -1.0000  -1.0000  -1.0000  -1.0000  -1.0000  -1.0000  -1.0000  0.0036  0.001000
epoch:98 -1.0000  -1.0000  -1.0000  -1.0000  -1.0000  -1.0000  -1.0000  -1.0000  -1.0000  -1.0000  0.0036  0.001000
epoch:99 -1.0000  -1.0000  -1.0000  -1.0000  -1.0000  -1.0000  -1.0000  -1.0000  -1.0000  -1.0000  0.0036  0.001000
epoch:100 -1.0000  -1.0000  -1.0000  -1.0000  -1.0000  -1.0000  -1.0000  -1.0000  -1.0000  -1.0000  0.0036  0.001000
epoch:101 -1.0000  -1.0000  -1.0000  -1.0000  -1.0000  -1.0000  -1.0000  -1.0000  -1.0000  -1.0000  0.0041  0.001000
epoch:102 -1.0000  -1.0000  -1.0000  -1.0000  -1.0000  -1.0000  -1.0000  -1.0000  -1.0000  -1.0000  0.0038  0.001000
epoch:103 -1.0000  -1.0000  -1.0000  -1.0000  -1.0000  -1.0000  -1.0000  -1.0000  -1.0000  -1.0000  0.0035  0.001000
epoch:104 -1.0000  -1.0000  -1.0000  -1.0000  -1.0000  -1.0000  -1.0000  -1.0000  -1.0000  -1.0000  0.0035  0.001000
epoch:105 -1.0000  -1.0000  -1.0000  -1.0000  -1.0000  -1.0000  -1.0000  -1.0000  -1.0000  -1.0000  0.0037  0.001000
epoch:106 -1.0000  -1.0000  -1.0000  -1.0000  -1.0000  -1.0000  -1.0000  -1.0000  -1.0000  -1.0000  0.0038  0.001000
epoch:107 -1.0000  -1.0000  -1.0000  -1.0000  -1.0000  -1.0000  -1.0000  -1.0000  -1.0000  -1.0000  0.0035  0.001000
epoch:108 -1.0000  -1.0000  -1.0000  -1.0000  -1.0000  -1.0000  -1.0000  -1.0000  -1.0000  -1.0000  0.0035  0.001000
epoch:109 -1.0000  -1.0000  -1.0000  -1.0000  -1.0000  -1.0000  -1.0000  -1.0000  -1.0000  -1.0000  0.0035  0.001000
epoch:110 -1.0000  -1.0000  -1.0000  -1.0000  -1.0000  -1.0000  -1.0000  -1.0000  -1.0000  -1.0000  0.0035  0.001000
epoch:111 -1.0000  -1.0000  -1.0000  -1.0000  -1.0000  -1.0000  -1.0000  -1.0000  -1.0000  -1.0000  0.0035  0.001000
epoch:112 -1.0000  -1.0000  -1.0000  -1.0000  -1.0000  -1.0000  -1.0000  -1.0000  -1.0000  -1.0000  0.0034  0.001000
epoch:113 -1.0000  -1.0000  -1.0000  -1.0000  -1.0000  -1.0000  -1.0000  -1.0000  -1.0000  -1.0000  0.0034  0.001000
epoch:114 -1.0000  -1.0000  -1.0000  -1.0000  -1.0000  -1.0000  -1.0000  -1.0000  -1.0000  -1.0000  0.0033  0.001000
epoch:115 -1.0000  -1.0000  -1.0000  -1.0000  -1.0000  -1.0000  -1.0000  -1.0000  -1.0000  -1.0000  0.0037  0.001000
epoch:116 -1.0000  -1.0000  -1.0000  -1.0000  -1.0000  -1.0000  -1.0000  -1.0000  -1.0000  -1.0000  0.0036  0.001000
epoch:117 -1.0000  -1.0000  -1.0000  -1.0000  -1.0000  -1.0000  -1.0000  -1.0000  -1.0000  -1.0000  0.0033  0.001000
epoch:118 -1.0000  -1.0000  -1.0000  -1.0000  -1.0000  -1.0000  -1.0000  -1.0000  -1.0000  -1.0000  0.0033  0.001000
epoch:119 -1.0000  -1.0000  -1.0000  -1.0000  -1.0000  -1.0000  -1.0000  -1.0000  -1.0000  -1.0000  0.0033  0.001000
epoch:120 -1.0000  -1.0000  -1.0000  -1.0000  -1.0000  -1.0000  -1.0000  -1.0000  -1.0000  -1.0000  0.0033  0.001000
epoch:121 -1.0000  -1.0000  -1.0000  -1.0000  -1.0000  -1.0000  -1.0000  -1.0000  -1.0000  -1.0000  0.0034  0.001000
epoch:122 -1.0000  -1.0000  -1.0000  -1.0000  -1.0000  -1.0000  -1.0000  -1.0000  -1.0000  -1.0000  0.0036  0.001000
epoch:123 -1.0000  -1.0000  -1.0000  -1.0000  -1.0000  -1.0000  -1.0000  -1.0000  -1.0000  -1.0000  0.0035  0.001000
epoch:124 -1.0000  -1.0000  -1.0000  -1.0000  -1.0000  -1.0000  -1.0000  -1.0000  -1.0000  -1.0000  0.0034  0.001000
epoch:125 -1.0000  -1.0000  -1.0000  -1.0000  -1.0000  -1.0000  -1.0000  -1.0000  -1.0000  -1.0000  0.0031  0.001000
epoch:126 -1.0000  -1.0000  -1.0000  -1.0000  -1.0000  -1.0000  -1.0000  -1.0000  -1.0000  -1.0000  0.0033  0.001000
epoch:127 -1.0000  -1.0000  -1.0000  -1.0000  -1.0000  -1.0000  -1.0000  -1.0000  -1.0000  -1.0000  0.0031  0.001000
epoch:128 -1.0000  -1.0000  -1.0000  -1.0000  -1.0000  -1.0000  -1.0000  -1.0000  -1.0000  -1.0000  0.0034  0.001000
epoch:129 -1.0000  -1.0000  -1.0000  -1.0000  -1.0000  -1.0000  -1.0000  -1.0000  -1.0000  -1.0000  0.0033  0.001000
epoch:130 -1.0000  -1.0000  -1.0000  -1.0000  -1.0000  -1.0000  -1.0000  -1.0000  -1.0000  -1.0000  0.0032  0.001000
epoch:131 -1.0000  -1.0000  -1.0000  -1.0000  -1.0000  -1.0000  -1.0000  -1.0000  -1.0000  -1.0000  0.0033  0.001000
epoch:132 -1.0000  -1.0000  -1.0000  -1.0000  -1.0000  -1.0000  -1.0000  -1.0000  -1.0000  -1.0000  0.0034  0.001000
epoch:133 -1.0000  -1.0000  -1.0000  -1.0000  -1.0000  -1.0000  -1.0000  -1.0000  -1.0000  -1.0000  0.0032  0.001000
epoch:134 -1.0000  -1.0000  -1.0000  -1.0000  -1.0000  -1.0000  -1.0000  -1.0000  -1.0000  -1.0000  0.0034  0.001000
epoch:135 -1.0000  -1.0000  -1.0000  -1.0000  -1.0000  -1.0000  -1.0000  -1.0000  -1.0000  -1.0000  0.0034  0.001000
epoch:136 -1.0000  -1.0000  -1.0000  -1.0000  -1.0000  -1.0000  -1.0000  -1.0000  -1.0000  -1.0000  0.0030  0.001000
epoch:137 -1.0000  -1.0000  -1.0000  -1.0000  -1.0000  -1.0000  -1.0000  -1.0000  -1.0000  -1.0000  0.0032  0.001000
epoch:138 -1.0000  -1.0000  -1.0000  -1.0000  -1.0000  -1.0000  -1.0000  -1.0000  -1.0000  -1.0000  0.0030  0.001000
epoch:139 -1.0000  -1.0000  -1.0000  -1.0000  -1.0000  -1.0000  -1.0000  -1.0000  -1.0000  -1.0000  0.0031  0.001000
epoch:140 -1.0000  -1.0000  -1.0000  -1.0000  -1.0000  -1.0000  -1.0000  -1.0000  -1.0000  -1.0000  0.0032  0.001000
epoch:141 -1.0000  -1.0000  -1.0000  -1.0000  -1.0000  -1.0000  -1.0000  -1.0000  -1.0000  -1.0000  0.0031  0.001000
epoch:142 -1.0000  -1.0000  -1.0000  -1.0000  -1.0000  -1.0000  -1.0000  -1.0000  -1.0000  -1.0000  0.0031  0.001000
epoch:143 -1.0000  -1.0000  -1.0000  -1.0000  -1.0000  -1.0000  -1.0000  -1.0000  -1.0000  -1.0000  0.0032  0.001000
epoch:144 -1.0000  -1.0000  -1.0000  -1.0000  -1.0000  -1.0000  -1.0000  -1.0000  -1.0000  -1.0000  0.0032  0.001000
epoch:145 -1.0000  -1.0000  -1.0000  -1.0000  -1.0000  -1.0000  -1.0000  -1.0000  -1.0000  -1.0000  0.0032  0.001000
epoch:146 -1.0000  -1.0000  -1.0000  -1.0000  -1.0000  -1.0000  -1.0000  -1.0000  -1.0000  -1.0000  0.0032  0.001000
epoch:147 -1.0000  -1.0000  -1.0000  -1.0000  -1.0000  -1.0000  -1.0000  -1.0000  -1.0000  -1.0000  0.0030  0.001000
epoch:148 -1.0000  -1.0000  -1.0000  -1.0000  -1.0000  -1.0000  -1.0000  -1.0000  -1.0000  -1.0000  0.0030  0.001000
epoch:149 -1.0000  -1.0000  -1.0000  -1.0000  -1.0000  -1.0000  -1.0000  -1.0000  -1.0000  -1.0000  0.0031  0.001000
epoch:150 -1.0000  -1.0000  -1.0000  -1.0000  -1.0000  -1.0000  -1.0000  -1.0000  -1.0000  -1.0000  0.0030  0.001000
epoch:151 -1.0000  -1.0000  -1.0000  -1.0000  -1.0000  -1.0000  -1.0000  -1.0000  -1.0000  -1.0000  0.0028  0.001000
epoch:152 -1.0000  -1.0000  -1.0000  -1.0000  -1.0000  -1.0000  -1.0000  -1.0000  -1.0000  -1.0000  0.0030  0.001000
epoch:153 -1.0000  -1.0000  -1.0000  -1.0000  -1.0000  -1.0000  -1.0000  -1.0000  -1.0000  -1.0000  0.0032  0.001000
epoch:154 -1.0000  -1.0000  -1.0000  -1.0000  -1.0000  -1.0000  -1.0000  -1.0000  -1.0000  -1.0000  0.0031  0.001000
epoch:155 -1.0000  -1.0000  -1.0000  -1.0000  -1.0000  -1.0000  -1.0000  -1.0000  -1.0000  -1.0000  0.0029  0.001000
epoch:156 -1.0000  -1.0000  -1.0000  -1.0000  -1.0000  -1.0000  -1.0000  -1.0000  -1.0000  -1.0000  0.0030  0.001000
epoch:157 -1.0000  -1.0000  -1.0000  -1.0000  -1.0000  -1.0000  -1.0000  -1.0000  -1.0000  -1.0000  0.0030  0.001000
epoch:158 -1.0000  -1.0000  -1.0000  -1.0000  -1.0000  -1.0000  -1.0000  -1.0000  -1.0000  -1.0000  0.0029  0.001000
epoch:159 -1.0000  -1.0000  -1.0000  -1.0000  -1.0000  -1.0000  -1.0000  -1.0000  -1.0000  -1.0000  0.0032  0.001000
epoch:160 -1.0000  -1.0000  -1.0000  -1.0000  -1.0000  -1.0000  -1.0000  -1.0000  -1.0000  -1.0000  0.0030  0.001000
epoch:161 -1.0000  -1.0000  -1.0000  -1.0000  -1.0000  -1.0000  -1.0000  -1.0000  -1.0000  -1.0000  0.0027  0.001000
epoch:162 -1.0000  -1.0000  -1.0000  -1.0000  -1.0000  -1.0000  -1.0000  -1.0000  -1.0000  -1.0000  0.0029  0.001000
epoch:163 -1.0000  -1.0000  -1.0000  -1.0000  -1.0000  -1.0000  -1.0000  -1.0000  -1.0000  -1.0000  0.0030  0.001000
epoch:164 -1.0000  -1.0000  -1.0000  -1.0000  -1.0000  -1.0000  -1.0000  -1.0000  -1.0000  -1.0000  0.0031  0.001000
epoch:165 -1.0000  -1.0000  -1.0000  -1.0000  -1.0000  -1.0000  -1.0000  -1.0000  -1.0000  -1.0000  0.0030  0.001000
epoch:166 -1.0000  -1.0000  -1.0000  -1.0000  -1.0000  -1.0000  -1.0000  -1.0000  -1.0000  -1.0000  0.0030  0.001000
epoch:167 -1.0000  -1.0000  -1.0000  -1.0000  -1.0000  -1.0000  -1.0000  -1.0000  -1.0000  -1.0000  0.0030  0.001000
epoch:168 -1.0000  -1.0000  -1.0000  -1.0000  -1.0000  -1.0000  -1.0000  -1.0000  -1.0000  -1.0000  0.0030  0.001000
epoch:169 -1.0000  -1.0000  -1.0000  -1.0000  -1.0000  -1.0000  -1.0000  -1.0000  -1.0000  -1.0000  0.0030  0.001000
epoch:170 -1.0000  -1.0000  -1.0000  -1.0000  -1.0000  -1.0000  -1.0000  -1.0000  -1.0000  -1.0000  0.0028  0.000100
epoch:171 -1.0000  -1.0000  -1.0000  -1.0000  -1.0000  -1.0000  -1.0000  -1.0000  -1.0000  -1.0000  0.0025  0.000100
epoch:172 -1.0000  -1.0000  -1.0000  -1.0000  -1.0000  -1.0000  -1.0000  -1.0000  -1.0000  -1.0000  0.0025  0.000100
epoch:173 -1.0000  -1.0000  -1.0000  -1.0000  -1.0000  -1.0000  -1.0000  -1.0000  -1.0000  -1.0000  0.0025  0.000100
epoch:174 -1.0000  -1.0000  -1.0000  -1.0000  -1.0000  -1.0000  -1.0000  -1.0000  -1.0000  -1.0000  0.0025  0.000100
epoch:175 -1.0000  -1.0000  -1.0000  -1.0000  -1.0000  -1.0000  -1.0000  -1.0000  -1.0000  -1.0000  0.0025  0.000100
epoch:176 -1.0000  -1.0000  -1.0000  -1.0000  -1.0000  -1.0000  -1.0000  -1.0000  -1.0000  -1.0000  0.0023  0.000100
epoch:177 -1.0000  -1.0000  -1.0000  -1.0000  -1.0000  -1.0000  -1.0000  -1.0000  -1.0000  -1.0000  0.0023  0.000100
epoch:178 -1.0000  -1.0000  -1.0000  -1.0000  -1.0000  -1.0000  -1.0000  -1.0000  -1.0000  -1.0000  0.0024  0.000100
epoch:179 -1.0000  -1.0000  -1.0000  -1.0000  -1.0000  -1.0000  -1.0000  -1.0000  -1.0000  -1.0000  0.0024  0.000100
epoch:180 -1.0000  -1.0000  -1.0000  -1.0000  -1.0000  -1.0000  -1.0000  -1.0000  -1.0000  -1.0000  0.0025  0.000100
epoch:181 -1.0000  -1.0000  -1.0000  -1.0000  -1.0000  -1.0000  -1.0000  -1.0000  -1.0000  -1.0000  0.0023  0.000100
epoch:182 -1.0000  -1.0000  -1.0000  -1.0000  -1.0000  -1.0000  -1.0000  -1.0000  -1.0000  -1.0000  0.0023  0.000100
epoch:183 -1.0000  -1.0000  -1.0000  -1.0000  -1.0000  -1.0000  -1.0000  -1.0000  -1.0000  -1.0000  0.0024  0.000100
epoch:184 -1.0000  -1.0000  -1.0000  -1.0000  -1.0000  -1.0000  -1.0000  -1.0000  -1.0000  -1.0000  0.0024  0.000100
epoch:185 -1.0000  -1.0000  -1.0000  -1.0000  -1.0000  -1.0000  -1.0000  -1.0000  -1.0000  -1.0000  0.0023  0.000100
epoch:186 -1.0000  -1.0000  -1.0000  -1.0000  -1.0000  -1.0000  -1.0000  -1.0000  -1.0000  -1.0000  0.0023  0.000100
epoch:187 -1.0000  -1.0000  -1.0000  -1.0000  -1.0000  -1.0000  -1.0000  -1.0000  -1.0000  -1.0000  0.0023  0.000100
epoch:188 -1.0000  -1.0000  -1.0000  -1.0000  -1.0000  -1.0000  -1.0000  -1.0000  -1.0000  -1.0000  0.0022  0.000100
epoch:189 -1.0000  -1.0000  -1.0000  -1.0000  -1.0000  -1.0000  -1.0000  -1.0000  -1.0000  -1.0000  0.0023  0.000100
epoch:190 -1.0000  -1.0000  -1.0000  -1.0000  -1.0000  -1.0000  -1.0000  -1.0000  -1.0000  -1.0000  0.0022  0.000100
epoch:191 -1.0000  -1.0000  -1.0000  -1.0000  -1.0000  -1.0000  -1.0000  -1.0000  -1.0000  -1.0000  0.0023  0.000100
epoch:192 -1.0000  -1.0000  -1.0000  -1.0000  -1.0000  -1.0000  -1.0000  -1.0000  -1.0000  -1.0000  0.0022  0.000100
epoch:193 -1.0000  -1.0000  -1.0000  -1.0000  -1.0000  -1.0000  -1.0000  -1.0000  -1.0000  -1.0000  0.0022  0.000100
epoch:194 -1.0000  -1.0000  -1.0000  -1.0000  -1.0000  -1.0000  -1.0000  -1.0000  -1.0000  -1.0000  0.0023  0.000100
epoch:195 -1.0000  -1.0000  -1.0000  -1.0000  -1.0000  -1.0000  -1.0000  -1.0000  -1.0000  -1.0000  0.0022  0.000100
epoch:196 -1.0000  -1.0000  -1.0000  -1.0000  -1.0000  -1.0000  -1.0000  -1.0000  -1.0000  -1.0000  0.0022  0.000100
epoch:197 -1.0000  -1.0000  -1.0000  -1.0000  -1.0000  -1.0000  -1.0000  -1.0000  -1.0000  -1.0000  0.0022  0.000100
epoch:198 -1.0000  -1.0000  -1.0000  -1.0000  -1.0000  -1.0000  -1.0000  -1.0000  -1.0000  -1.0000  0.0023  0.000100
epoch:199 -1.0000  -1.0000  -1.0000  -1.0000  -1.0000  -1.0000  -1.0000  -1.0000  -1.0000  -1.0000  0.0022  0.000100
epoch:200 -1.0000  -1.0000  -1.0000  -1.0000  -1.0000  -1.0000  -1.0000  -1.0000  -1.0000  -1.0000  0.0022  0.000010
epoch:201 -1.0000  -1.0000  -1.0000  -1.0000  -1.0000  -1.0000  -1.0000  -1.0000  -1.0000  -1.0000  0.0022  0.000010
epoch:202 -1.0000  -1.0000  -1.0000  -1.0000  -1.0000  -1.0000  -1.0000  -1.0000  -1.0000  -1.0000  0.0022  0.000010
epoch:203 -1.0000  -1.0000  -1.0000  -1.0000  -1.0000  -1.0000  -1.0000  -1.0000  -1.0000  -1.0000  0.0021  0.000010
epoch:204 -1.0000  -1.0000  -1.0000  -1.0000  -1.0000  -1.0000  -1.0000  -1.0000  -1.0000  -1.0000  0.0021  0.000010
epoch:205 -1.0000  -1.0000  -1.0000  -1.0000  -1.0000  -1.0000  -1.0000  -1.0000  -1.0000  -1.0000  0.0022  0.000010
epoch:206 -1.0000  -1.0000  -1.0000  -1.0000  -1.0000  -1.0000  -1.0000  -1.0000  -1.0000  -1.0000  0.0022  0.000010
epoch:207 -1.0000  -1.0000  -1.0000  -1.0000  -1.0000  -1.0000  -1.0000  -1.0000  -1.0000  -1.0000  0.0021  0.000010
epoch:208 -1.0000  -1.0000  -1.0000  -1.0000  -1.0000  -1.0000  -1.0000  -1.0000  -1.0000  -1.0000  0.0021  0.000010
epoch:209 -1.0000  -1.0000  -1.0000  -1.0000  -1.0000  -1.0000  -1.0000  -1.0000  -1.0000  -1.0000  0.0021  0.000010
