epoch:0 0.0047  0.0223  0.0000  -1.0000  0.0047  0.0210  0.1100  0.0000  -1.0000  0.0210  0.5634  0.001000
epoch:1 0.0592  0.2243  0.0157  -1.0000  0.0592  0.1710  0.4500  0.1000  -1.0000  0.1710  0.0253  0.001000
epoch:2 0.5309  0.9358  0.5390  -1.0000  0.5309  0.6070  0.9500  0.6700  -1.0000  0.6070  0.0183  0.001000
epoch:3 0.7083  1.0000  0.7896  -1.0000  0.7083  0.7620  1.0000  0.8400  -1.0000  0.7620  0.0141  0.001000
epoch:4 0.7711  1.0000  0.8956  -1.0000  0.7711  0.8050  1.0000  0.9100  -1.0000  0.8050  0.0113  0.001000
epoch:5 0.7915  0.9830  0.8885  -1.0000  0.7915  0.8370  0.9900  0.9100  -1.0000  0.8370  0.0097  0.001000
epoch:6 0.7868  1.0000  0.9182  -1.0000  0.7868  0.8200  1.0000  0.9200  -1.0000  0.8200  0.0085  0.001000
epoch:7 0.8331  0.9898  0.9029  -1.0000  0.8331  0.8620  0.9900  0.9200  -1.0000  0.8620  0.0079  0.001000
epoch:8 0.8628  0.9899  0.9701  -1.0000  0.8628  0.8940  0.9900  0.9700  -1.0000  0.8940  0.0072  0.001000
epoch:9 0.8958  0.9900  0.9679  -1.0000  0.8958  0.9180  0.9900  0.9700  -1.0000  0.9180  0.0068  0.001000
epoch:10 0.8697  0.9672  0.9535  -1.0000  0.8697  0.8940  0.9700  0.9600  -1.0000  0.8940  0.0069  0.001000
epoch:11 0.9002  0.9895  0.9681  -1.0000  0.9002  0.9210  0.9900  0.9700  -1.0000  0.9210  0.0066  0.001000
epoch:12 0.9060  0.9899  0.9685  -1.0000  0.9060  0.9250  0.9900  0.9700  -1.0000  0.9250  0.0060  0.001000
epoch:13 0.8919  0.9898  0.9680  -1.0000  0.8919  0.9150  0.9900  0.9700  -1.0000  0.9150  0.0058  0.001000
epoch:14 0.9239  0.9900  0.9781  -1.0000  0.9239  0.9410  0.9900  0.9800  -1.0000  0.9410  0.0059  0.001000
epoch:15 0.8798  1.0000  0.9662  -1.0000  0.8798  0.9050  1.0000  0.9700  -1.0000  0.9050  0.0056  0.001000
epoch:16 0.9067  1.0000  0.9655  -1.0000  0.9067  0.9250  1.0000  0.9700  -1.0000  0.9250  0.0054  0.001000
epoch:17 0.9294  0.9901  0.9779  -1.0000  0.9294  0.9440  0.9900  0.9800  -1.0000  0.9440  0.0051  0.001000
epoch:18 0.9338  0.9901  0.9783  -1.0000  0.9338  0.9460  0.9900  0.9800  -1.0000  0.9460  0.0051  0.001000
epoch:19 0.9251  1.0000  0.9672  -1.0000  0.9251  0.9440  1.0000  0.9700  -1.0000  0.9440  0.0051  0.001000
epoch:20 0.8998  0.9901  0.9678  -1.0000  0.8998  0.9200  0.9900  0.9700  -1.0000  0.9200  0.0051  0.001000
epoch:21 0.9285  1.0000  0.9769  -1.0000  0.9285  0.9420  1.0000  0.9800  -1.0000  0.9420  0.0052  0.001000
epoch:22 0.9102  1.0000  0.9727  -1.0000  0.9102  0.9310  1.0000  0.9800  -1.0000  0.9310  0.0047  0.001000
epoch:23 0.9033  1.0000  0.9788  -1.0000  0.9033  0.9260  1.0000  0.9800  -1.0000  0.9260  0.0048  0.001000
epoch:24 0.9238  0.9900  0.9673  -1.0000  0.9238  0.9360  0.9900  0.9700  -1.0000  0.9360  0.0048  0.001000
epoch:25 0.9403  1.0000  0.9899  -1.0000  0.9403  0.9520  1.0000  0.9900  -1.0000  0.9520  0.0048  0.001000
epoch:26 0.9136  1.0000  0.9671  -1.0000  0.9136  0.9300  1.0000  0.9700  -1.0000  0.9300  0.0047  0.001000
epoch:27 0.9156  0.9901  0.9783  -1.0000  0.9156  0.9330  0.9900  0.9800  -1.0000  0.9330  0.0045  0.001000
epoch:28 0.9035  0.9901  0.9677  -1.0000  0.9035  0.9260  0.9900  0.9700  -1.0000  0.9260  0.0046  0.001000
epoch:29 0.9313  1.0000  0.9623  -1.0000  0.9313  0.9470  1.0000  0.9700  -1.0000  0.9470  0.0045  0.001000
epoch:30 0.9244  1.0000  0.9664  -1.0000  0.9244  0.9430  1.0000  0.9700  -1.0000  0.9430  0.0046  0.001000
epoch:31 0.9194  1.0000  0.9767  -1.0000  0.9194  0.9380  1.0000  0.9800  -1.0000  0.9380  0.0042  0.001000
epoch:32 0.9165  0.9901  0.9685  -1.0000  0.9165  0.9330  0.9900  0.9700  -1.0000  0.9330  0.0046  0.001000
epoch:33 0.9242  1.0000  0.9691  -1.0000  0.9242  0.9400  1.0000  0.9700  -1.0000  0.9400  0.0045  0.001000
epoch:34 0.9202  1.0000  0.9686  -1.0000  0.9202  0.9350  1.0000  0.9700  -1.0000  0.9350  0.0045  0.001000
epoch:35 0.9386  1.0000  0.9892  -1.0000  0.9386  0.9550  1.0000  0.9900  -1.0000  0.9550  0.0041  0.001000
epoch:36 0.9299  1.0000  0.9670  -1.0000  0.9299  0.9460  1.0000  0.9700  -1.0000  0.9460  0.0042  0.001000
epoch:37 0.9247  1.0000  0.9698  -1.0000  0.9247  0.9400  1.0000  0.9700  -1.0000  0.9400  0.0041  0.001000
epoch:38 0.9259  0.9895  0.9895  -1.0000  0.9259  0.9430  0.9900  0.9900  -1.0000  0.9430  0.0043  0.001000
epoch:39 0.9402  1.0000  0.9794  -1.0000  0.9402  0.9560  1.0000  0.9800  -1.0000  0.9560  0.0041  0.001000
epoch:40 0.9315  1.0000  0.9900  -1.0000  0.9315  0.9490  1.0000  0.9900  -1.0000  0.9490  0.0042  0.001000
epoch:41 0.9494  0.9901  0.9901  -1.0000  0.9494  0.9600  0.9900  0.9900  -1.0000  0.9600  0.0042  0.001000
epoch:42 0.9361  0.9900  0.9601  -1.0000  0.9361  0.9530  0.9900  0.9700  -1.0000  0.9530  0.0041  0.001000
epoch:43 0.9298  0.9901  0.9790  -1.0000  0.9298  0.9440  0.9900  0.9800  -1.0000  0.9440  0.0040  0.001000
epoch:44 0.9467  1.0000  0.9790  -1.0000  0.9467  0.9600  1.0000  0.9800  -1.0000  0.9600  0.0043  0.001000
epoch:45 0.9193  1.0000  0.9901  -1.0000  0.9193  0.9380  1.0000  0.9900  -1.0000  0.9380  0.0042  0.001000
epoch:46 0.9477  1.0000  0.9884  -1.0000  0.9477  0.9580  1.0000  0.9900  -1.0000  0.9580  0.0044  0.001000
epoch:47 0.9201  1.0000  0.9763  -1.0000  0.9201  0.9410  1.0000  0.9800  -1.0000  0.9410  0.0042  0.001000
epoch:48 0.9323  1.0000  0.9784  -1.0000  0.9323  0.9470  1.0000  0.9800  -1.0000  0.9470  0.0042  0.001000
epoch:49 0.9175  1.0000  0.9776  -1.0000  0.9175  0.9350  1.0000  0.9800  -1.0000  0.9350  0.0040  0.001000
epoch:50 0.9279  1.0000  0.9626  -1.0000  0.9279  0.9490  1.0000  0.9700  -1.0000  0.9490  0.0041  0.001000
epoch:51 0.9331  0.9901  0.9901  -1.0000  0.9331  0.9470  0.9900  0.9900  -1.0000  0.9470  0.0042  0.001000
epoch:52 0.9367  1.0000  0.9772  -1.0000  0.9367  0.9500  1.0000  0.9800  -1.0000  0.9500  0.0042  0.001000
epoch:53 0.9344  0.9901  0.9800  -1.0000  0.9344  0.9510  0.9900  0.9800  -1.0000  0.9510  0.0042  0.001000
epoch:54 0.9400  0.9901  0.9783  -1.0000  0.9400  0.9530  0.9900  0.9800  -1.0000  0.9530  0.0041  0.001000
epoch:55 0.9418  0.9900  0.9796  -1.0000  0.9418  0.9560  0.9900  0.9800  -1.0000  0.9560  0.0043  0.001000
epoch:56 0.9499  1.0000  0.9800  -1.0000  0.9499  0.9590  1.0000  0.9800  -1.0000  0.9590  0.0041  0.001000
epoch:57 0.9381  1.0000  0.9763  -1.0000  0.9381  0.9550  1.0000  0.9800  -1.0000  0.9550  0.0045  0.001000
epoch:58 0.9240  1.0000  0.9514  -1.0000  0.9240  0.9450  1.0000  0.9600  -1.0000  0.9450  0.0042  0.001000
epoch:59 0.9279  1.0000  0.9899  -1.0000  0.9279  0.9450  1.0000  0.9900  -1.0000  0.9450  0.0045  0.001000
epoch:60 0.9413  0.9895  0.9766  -1.0000  0.9413  0.9510  0.9900  0.9800  -1.0000  0.9510  0.0041  0.001000
epoch:61 0.9361  1.0000  0.9797  -1.0000  0.9361  0.9500  1.0000  0.9800  -1.0000  0.9500  0.0039  0.001000
epoch:62 0.9399  1.0000  0.9800  -1.0000  0.9399  0.9550  1.0000  0.9800  -1.0000  0.9550  0.0042  0.001000
epoch:63 0.9384  1.0000  0.9782  -1.0000  0.9384  0.9500  1.0000  0.9800  -1.0000  0.9500  0.0040  0.001000
epoch:64 0.9087  1.0000  0.9676  -1.0000  0.9087  0.9320  1.0000  0.9700  -1.0000  0.9320  0.0041  0.001000
epoch:65 0.9138  0.9790  0.9578  -1.0000  0.9138  0.9310  0.9800  0.9600  -1.0000  0.9310  0.0041  0.001000
epoch:66 0.9270  1.0000  0.9793  -1.0000  0.9270  0.9450  1.0000  0.9800  -1.0000  0.9450  0.0046  0.001000
epoch:67 0.9483  1.0000  0.9899  -1.0000  0.9483  0.9640  1.0000  0.9900  -1.0000  0.9640  0.0041  0.001000
epoch:68 0.9483  1.0000  0.9795  -1.0000  0.9483  0.9570  1.0000  0.9800  -1.0000  0.9570  0.0040  0.001000
epoch:69 0.9353  1.0000  0.9786  -1.0000  0.9353  0.9510  1.0000  0.9800  -1.0000  0.9510  0.0039  0.001000
epoch:70 0.9210  0.9895  0.9664  -1.0000  0.9210  0.9410  0.9900  0.9700  -1.0000  0.9410  0.0042  0.001000
epoch:71 0.9494  1.0000  0.9901  -1.0000  0.9494  0.9620  1.0000  0.9900  -1.0000  0.9620  0.0041  0.001000
epoch:72 0.9075  1.0000  0.9784  -1.0000  0.9075  0.9290  1.0000  0.9800  -1.0000  0.9290  0.0040  0.001000
epoch:73 0.9417  1.0000  0.9772  -1.0000  0.9417  0.9560  1.0000  0.9800  -1.0000  0.9560  0.0040  0.001000
epoch:74 0.9354  1.0000  0.9899  -1.0000  0.9354  0.9470  1.0000  0.9900  -1.0000  0.9470  0.0040  0.001000
epoch:75 0.9191  0.9901  0.9672  -1.0000  0.9191  0.9330  0.9900  0.9700  -1.0000  0.9330  0.0042  0.001000
epoch:76 0.9374  1.0000  0.9790  -1.0000  0.9374  0.9500  1.0000  0.9800  -1.0000  0.9500  0.0044  0.001000
epoch:77 0.9353  1.0000  0.9778  -1.0000  0.9353  0.9510  1.0000  0.9800  -1.0000  0.9510  0.0042  0.001000
epoch:78 0.9255  1.0000  0.9898  -1.0000  0.9255  0.9460  1.0000  0.9900  -1.0000  0.9460  0.0039  0.001000
epoch:79 0.9403  1.0000  0.9801  -1.0000  0.9403  0.9530  1.0000  0.9800  -1.0000  0.9530  0.0041  0.001000
epoch:80 0.9124  1.0000  0.9802  -1.0000  0.9124  0.9350  1.0000  0.9800  -1.0000  0.9350  0.0041  0.001000
epoch:81 0.9443  1.0000  0.9901  -1.0000  0.9443  0.9540  1.0000  0.9900  -1.0000  0.9540  0.0039  0.001000
epoch:82 0.9399  0.9901  0.9667  -1.0000  0.9399  0.9500  0.9900  0.9700  -1.0000  0.9500  0.0039  0.001000
epoch:83 0.9270  1.0000  0.9901  -1.0000  0.9270  0.9450  1.0000  0.9900  -1.0000  0.9450  0.0043  0.001000
epoch:84 0.9266  1.0000  0.9749  -1.0000  0.9266  0.9450  1.0000  0.9800  -1.0000  0.9450  0.0042  0.001000
epoch:85 0.9269  1.0000  0.9795  -1.0000  0.9269  0.9460  1.0000  0.9800  -1.0000  0.9460  0.0040  0.001000
epoch:86 0.9452  1.0000  0.9898  -1.0000  0.9452  0.9580  1.0000  0.9900  -1.0000  0.9580  0.0040  0.001000
epoch:87 0.9383  1.0000  0.9792  -1.0000  0.9383  0.9510  1.0000  0.9800  -1.0000  0.9510  0.0039  0.001000
epoch:88 0.9449  1.0000  0.9788  -1.0000  0.9449  0.9570  1.0000  0.9800  -1.0000  0.9570  0.0038  0.001000
epoch:89 0.9409  1.0000  0.9796  -1.0000  0.9409  0.9570  1.0000  0.9800  -1.0000  0.9570  0.0037  0.001000
epoch:90 0.9479  1.0000  0.9900  -1.0000  0.9479  0.9560  1.0000  0.9900  -1.0000  0.9560  0.0036  0.001000
epoch:91 0.9461  1.0000  0.9790  -1.0000  0.9461  0.9560  1.0000  0.9800  -1.0000  0.9560  0.0037  0.001000
epoch:92 0.9386  1.0000  0.9782  -1.0000  0.9386  0.9530  1.0000  0.9800  -1.0000  0.9530  0.0035  0.001000
epoch:93 0.9364  0.9900  0.9640  -1.0000  0.9364  0.9520  0.9900  0.9700  -1.0000  0.9520  0.0038  0.001000
epoch:94 0.9337  1.0000  0.9786  -1.0000  0.9337  0.9500  1.0000  0.9800  -1.0000  0.9500  0.0036  0.001000
epoch:95 0.9303  1.0000  0.9675  -1.0000  0.9303  0.9460  1.0000  0.9700  -1.0000  0.9460  0.0037  0.001000
epoch:96 0.9291  1.0000  0.9800  -1.0000  0.9291  0.9460  1.0000  0.9800  -1.0000  0.9460  0.0035  0.001000
epoch:97 0.9322  1.0000  0.9793  -1.0000  0.9322  0.9490  1.0000  0.9800  -1.0000  0.9490  0.0035  0.001000
epoch:98 0.9266  1.0000  0.9792  -1.0000  0.9266  0.9440  1.0000  0.9800  -1.0000  0.9440  0.0037  0.001000
epoch:99 0.9374  1.0000  0.9725  -1.0000  0.9374  0.9520  1.0000  0.9800  -1.0000  0.9520  0.0036  0.001000
epoch:100 0.9221  0.9900  0.9691  -1.0000  0.9221  0.9340  0.9900  0.9700  -1.0000  0.9340  0.0037  0.001000
epoch:101 0.9367  1.0000  0.9865  -1.0000  0.9367  0.9540  1.0000  0.9900  -1.0000  0.9540  0.0038  0.001000
epoch:102 0.9417  1.0000  0.9772  -1.0000  0.9417  0.9560  1.0000  0.9800  -1.0000  0.9560  0.0036  0.001000
epoch:103 0.9258  1.0000  0.9785  -1.0000  0.9258  0.9400  1.0000  0.9800  -1.0000  0.9400  0.0038  0.001000
epoch:104 0.9275  1.0000  0.9800  -1.0000  0.9275  0.9440  1.0000  0.9800  -1.0000  0.9440  0.0038  0.001000
epoch:105 0.9349  1.0000  0.9780  -1.0000  0.9349  0.9520  1.0000  0.9800  -1.0000  0.9520  0.0038  0.001000
epoch:106 0.9352  1.0000  0.9901  -1.0000  0.9352  0.9490  1.0000  0.9900  -1.0000  0.9490  0.0038  0.001000
epoch:107 0.9284  1.0000  0.9793  -1.0000  0.9284  0.9470  1.0000  0.9800  -1.0000  0.9470  0.0035  0.001000
epoch:108 0.9400  0.9901  0.9793  -1.0000  0.9400  0.9520  0.9900  0.9800  -1.0000  0.9520  0.0037  0.001000
epoch:109 0.9479  1.0000  0.9694  -1.0000  0.9479  0.9580  1.0000  0.9700  -1.0000  0.9580  0.0036  0.001000
epoch:110 0.9357  1.0000  0.9882  -1.0000  0.9357  0.9520  1.0000  0.9900  -1.0000  0.9520  0.0034  0.001000
epoch:111 0.9388  1.0000  0.9900  -1.0000  0.9388  0.9560  1.0000  0.9900  -1.0000  0.9560  0.0037  0.001000
epoch:112 0.9398  1.0000  0.9699  -1.0000  0.9398  0.9560  1.0000  0.9700  -1.0000  0.9560  0.0036  0.001000
epoch:113 0.9371  1.0000  0.9900  -1.0000  0.9371  0.9550  1.0000  0.9900  -1.0000  0.9550  0.0036  0.001000
epoch:114 0.9287  1.0000  0.9798  -1.0000  0.9287  0.9460  1.0000  0.9800  -1.0000  0.9460  0.0032  0.001000
epoch:115 0.9485  1.0000  0.9900  -1.0000  0.9485  0.9610  1.0000  0.9900  -1.0000  0.9610  0.0034  0.001000
epoch:116 0.9376  1.0000  0.9693  -1.0000  0.9376  0.9540  1.0000  0.9700  -1.0000  0.9540  0.0035  0.001000
epoch:117 0.9352  1.0000  0.9900  -1.0000  0.9352  0.9500  1.0000  0.9900  -1.0000  0.9500  0.0034  0.001000
epoch:118 0.9223  1.0000  0.9796  -1.0000  0.9223  0.9430  1.0000  0.9800  -1.0000  0.9430  0.0037  0.001000
epoch:119 0.9462  1.0000  0.9901  -1.0000  0.9462  0.9590  1.0000  0.9900  -1.0000  0.9590  0.0037  0.001000
epoch:120 0.9413  1.0000  0.9599  -1.0000  0.9413  0.9560  1.0000  0.9700  -1.0000  0.9560  0.0036  0.001000
epoch:121 0.9444  1.0000  0.9792  -1.0000  0.9444  0.9570  1.0000  0.9800  -1.0000  0.9570  0.0034  0.001000
epoch:122 0.9514  1.0000  0.9899  -1.0000  0.9514  0.9630  1.0000  0.9900  -1.0000  0.9630  0.0034  0.001000
epoch:123 0.9561  1.0000  0.9794  -1.0000  0.9561  0.9650  1.0000  0.9800  -1.0000  0.9650  0.0035  0.001000
epoch:124 0.9427  1.0000  0.9794  -1.0000  0.9427  0.9520  1.0000  0.9800  -1.0000  0.9520  0.0034  0.001000
epoch:125 0.9467  1.0000  0.9796  -1.0000  0.9467  0.9580  1.0000  0.9800  -1.0000  0.9580  0.0033  0.001000
epoch:126 0.9282  1.0000  0.9801  -1.0000  0.9282  0.9480  1.0000  0.9800  -1.0000  0.9480  0.0032  0.001000
epoch:127 0.9476  1.0000  0.9798  -1.0000  0.9476  0.9590  1.0000  0.9800  -1.0000  0.9590  0.0032  0.001000
epoch:128 0.9298  1.0000  0.9795  -1.0000  0.9298  0.9470  1.0000  0.9800  -1.0000  0.9470  0.0034  0.001000
epoch:129 0.9294  1.0000  0.9687  -1.0000  0.9294  0.9430  1.0000  0.9700  -1.0000  0.9430  0.0034  0.001000
epoch:130 0.9533  1.0000  0.9797  -1.0000  0.9533  0.9620  1.0000  0.9800  -1.0000  0.9620  0.0033  0.001000
epoch:131 0.9381  1.0000  0.9797  -1.0000  0.9381  0.9540  1.0000  0.9800  -1.0000  0.9540  0.0035  0.001000
epoch:132 0.9524  1.0000  0.9665  -1.0000  0.9524  0.9630  1.0000  0.9700  -1.0000  0.9630  0.0034  0.001000
epoch:133 0.9521  1.0000  0.9901  -1.0000  0.9521  0.9590  1.0000  0.9900  -1.0000  0.9590  0.0032  0.001000
epoch:134 0.9505  1.0000  0.9790  -1.0000  0.9505  0.9600  1.0000  0.9800  -1.0000  0.9600  0.0032  0.001000
epoch:135 0.9514  1.0000  0.9791  -1.0000  0.9514  0.9620  1.0000  0.9800  -1.0000  0.9620  0.0032  0.001000
epoch:136 0.9491  1.0000  0.9901  -1.0000  0.9491  0.9600  1.0000  0.9900  -1.0000  0.9600  0.0033  0.001000
epoch:137 0.9358  1.0000  0.9673  -1.0000  0.9358  0.9500  1.0000  0.9700  -1.0000  0.9500  0.0035  0.001000
epoch:138 0.9475  1.0000  0.9774  -1.0000  0.9475  0.9590  1.0000  0.9800  -1.0000  0.9590  0.0032  0.001000
epoch:139 0.9444  1.0000  0.9788  -1.0000  0.9444  0.9580  1.0000  0.9800  -1.0000  0.9580  0.0030  0.001000
epoch:140 0.9434  1.0000  0.9797  -1.0000  0.9434  0.9580  1.0000  0.9800  -1.0000  0.9580  0.0030  0.001000
epoch:141 0.9471  1.0000  0.9899  -1.0000  0.9471  0.9590  1.0000  0.9900  -1.0000  0.9590  0.0032  0.001000
epoch:142 0.9425  0.9901  0.9901  -1.0000  0.9425  0.9550  0.9900  0.9900  -1.0000  0.9550  0.0033  0.001000
epoch:143 0.9483  1.0000  0.9640  -1.0000  0.9483  0.9580  1.0000  0.9700  -1.0000  0.9580  0.0031  0.001000
epoch:144 0.9274  1.0000  0.9794  -1.0000  0.9274  0.9450  1.0000  0.9800  -1.0000  0.9450  0.0031  0.001000
epoch:145 0.9399  1.0000  0.9800  -1.0000  0.9399  0.9550  1.0000  0.9800  -1.0000  0.9550  0.0029  0.001000
epoch:146 0.9524  1.0000  0.9901  -1.0000  0.9524  0.9640  1.0000  0.9900  -1.0000  0.9640  0.0032  0.001000
epoch:147 0.9433  1.0000  0.9900  -1.0000  0.9433  0.9530  1.0000  0.9900  -1.0000  0.9530  0.0033  0.001000
epoch:148 0.9485  1.0000  0.9795  -1.0000  0.9485  0.9610  1.0000  0.9800  -1.0000  0.9610  0.0031  0.001000
epoch:149 0.9495  1.0000  0.9795  -1.0000  0.9495  0.9580  1.0000  0.9800  -1.0000  0.9580  0.0031  0.001000
epoch:150 0.9464  1.0000  0.9785  -1.0000  0.9464  0.9570  1.0000  0.9800  -1.0000  0.9570  0.0029  0.001000
epoch:151 0.9553  1.0000  0.9771  -1.0000  0.9553  0.9650  1.0000  0.9800  -1.0000  0.9650  0.0030  0.001000
epoch:152 0.9408  1.0000  0.9660  -1.0000  0.9408  0.9560  1.0000  0.9700  -1.0000  0.9560  0.0031  0.001000
epoch:153 0.9440  1.0000  0.9792  -1.0000  0.9440  0.9540  1.0000  0.9800  -1.0000  0.9540  0.0030  0.001000
epoch:154 0.9400  1.0000  0.9785  -1.0000  0.9400  0.9550  1.0000  0.9800  -1.0000  0.9550  0.0031  0.001000
epoch:155 0.9425  1.0000  0.9795  -1.0000  0.9425  0.9560  1.0000  0.9800  -1.0000  0.9560  0.0031  0.001000
epoch:156 0.9421  1.0000  0.9774  -1.0000  0.9421  0.9560  1.0000  0.9800  -1.0000  0.9560  0.0029  0.001000
epoch:157 0.9473  1.0000  0.9895  -1.0000  0.9473  0.9610  1.0000  0.9900  -1.0000  0.9610  0.0032  0.001000
epoch:158 0.9420  0.9901  0.9793  -1.0000  0.9420  0.9550  0.9900  0.9800  -1.0000  0.9550  0.0030  0.001000
epoch:159 0.9350  1.0000  0.9790  -1.0000  0.9350  0.9520  1.0000  0.9800  -1.0000  0.9520  0.0031  0.001000
epoch:160 0.9489  1.0000  0.9898  -1.0000  0.9489  0.9580  1.0000  0.9900  -1.0000  0.9580  0.0030  0.001000
epoch:161 0.9470  1.0000  0.9802  -1.0000  0.9470  0.9610  1.0000  0.9800  -1.0000  0.9610  0.0030  0.001000
epoch:162 0.9412  1.0000  0.9753  -1.0000  0.9412  0.9530  1.0000  0.9800  -1.0000  0.9530  0.0031  0.001000
epoch:163 0.9544  1.0000  0.9800  -1.0000  0.9544  0.9630  1.0000  0.9800  -1.0000  0.9630  0.0033  0.001000
epoch:164 0.9540  1.0000  0.9797  -1.0000  0.9540  0.9660  1.0000  0.9800  -1.0000  0.9660  0.0030  0.001000
epoch:165 0.9483  1.0000  0.9800  -1.0000  0.9483  0.9600  1.0000  0.9800  -1.0000  0.9600  0.0028  0.001000
epoch:166 0.9483  1.0000  0.9795  -1.0000  0.9483  0.9600  1.0000  0.9800  -1.0000  0.9600  0.0029  0.001000
epoch:167 0.9525  1.0000  0.9755  -1.0000  0.9525  0.9630  1.0000  0.9800  -1.0000  0.9630  0.0028  0.001000
epoch:168 0.9508  1.0000  0.9797  -1.0000  0.9508  0.9610  1.0000  0.9800  -1.0000  0.9610  0.0028  0.001000
epoch:169 0.9454  1.0000  0.9795  -1.0000  0.9454  0.9580  1.0000  0.9800  -1.0000  0.9580  0.0029  0.001000
epoch:170 0.9520  1.0000  0.9797  -1.0000  0.9520  0.9620  1.0000  0.9800  -1.0000  0.9620  0.0026  0.000100
epoch:171 0.9562  1.0000  0.9790  -1.0000  0.9562  0.9650  1.0000  0.9800  -1.0000  0.9650  0.0026  0.000100
epoch:172 0.9584  1.0000  0.9797  -1.0000  0.9584  0.9670  1.0000  0.9800  -1.0000  0.9670  0.0025  0.000100
epoch:173 0.9579  1.0000  0.9647  -1.0000  0.9579  0.9670  1.0000  0.9700  -1.0000  0.9670  0.0024  0.000100
epoch:174 0.9541  1.0000  0.9796  -1.0000  0.9541  0.9630  1.0000  0.9800  -1.0000  0.9630  0.0023  0.000100
epoch:175 0.9545  1.0000  0.9901  -1.0000  0.9545  0.9660  1.0000  0.9900  -1.0000  0.9660  0.0024  0.000100
epoch:176 0.9566  1.0000  0.9785  -1.0000  0.9566  0.9660  1.0000  0.9800  -1.0000  0.9660  0.0024  0.000100
epoch:177 0.9540  1.0000  0.9618  -1.0000  0.9540  0.9640  1.0000  0.9700  -1.0000  0.9640  0.0024  0.000100
epoch:178 0.9539  1.0000  0.9900  -1.0000  0.9539  0.9620  1.0000  0.9900  -1.0000  0.9620  0.0023  0.000100
epoch:179 0.9626  1.0000  0.9790  -1.0000  0.9626  0.9690  1.0000  0.9800  -1.0000  0.9690  0.0023  0.000100
epoch:180 0.9556  1.0000  0.9644  -1.0000  0.9556  0.9630  1.0000  0.9700  -1.0000  0.9630  0.0022  0.000100
epoch:181 0.9526  1.0000  0.9655  -1.0000  0.9526  0.9620  1.0000  0.9700  -1.0000  0.9620  0.0024  0.000100
epoch:182 0.9560  1.0000  0.9771  -1.0000  0.9560  0.9650  1.0000  0.9800  -1.0000  0.9650  0.0023  0.000100
epoch:183 0.9512  1.0000  0.9790  -1.0000  0.9512  0.9590  1.0000  0.9800  -1.0000  0.9590  0.0023  0.000100
epoch:184 0.9564  1.0000  0.9798  -1.0000  0.9564  0.9650  1.0000  0.9800  -1.0000  0.9650  0.0023  0.000100
epoch:185 0.9548  1.0000  0.9802  -1.0000  0.9548  0.9640  1.0000  0.9800  -1.0000  0.9640  0.0023  0.000100
epoch:186 0.9563  1.0000  0.9784  -1.0000  0.9563  0.9670  1.0000  0.9800  -1.0000  0.9670  0.0022  0.000100
epoch:187 0.9561  1.0000  0.9796  -1.0000  0.9561  0.9670  1.0000  0.9800  -1.0000  0.9670  0.0023  0.000100
epoch:188 0.9537  1.0000  0.9774  -1.0000  0.9537  0.9630  1.0000  0.9800  -1.0000  0.9630  0.0022  0.000100
epoch:189 0.9507  1.0000  0.9798  -1.0000  0.9507  0.9640  1.0000  0.9800  -1.0000  0.9640  0.0023  0.000100
epoch:190 0.9600  1.0000  0.9901  -1.0000  0.9600  0.9690  1.0000  0.9900  -1.0000  0.9690  0.0022  0.000100
epoch:191 0.9627  1.0000  0.9796  -1.0000  0.9627  0.9680  1.0000  0.9800  -1.0000  0.9680  0.0023  0.000100
epoch:192 0.9489  1.0000  0.9613  -1.0000  0.9489  0.9610  1.0000  0.9700  -1.0000  0.9610  0.0022  0.000100
epoch:193 0.9564  1.0000  0.9797  -1.0000  0.9564  0.9650  1.0000  0.9800  -1.0000  0.9650  0.0022  0.000100
epoch:194 0.9608  1.0000  0.9802  -1.0000  0.9608  0.9700  1.0000  0.9800  -1.0000  0.9700  0.0022  0.000100
epoch:195 0.9582  1.0000  0.9796  -1.0000  0.9582  0.9680  1.0000  0.9800  -1.0000  0.9680  0.0023  0.000100
epoch:196 0.9584  1.0000  0.9794  -1.0000  0.9584  0.9670  1.0000  0.9800  -1.0000  0.9670  0.0023  0.000100
epoch:197 0.9576  1.0000  0.9797  -1.0000  0.9576  0.9660  1.0000  0.9800  -1.0000  0.9660  0.0023  0.000100
epoch:198 0.9553  1.0000  0.9797  -1.0000  0.9553  0.9660  1.0000  0.9800  -1.0000  0.9660  0.0022  0.000100
epoch:199 0.9575  1.0000  0.9795  -1.0000  0.9575  0.9650  1.0000  0.9800  -1.0000  0.9650  0.0022  0.000100
epoch:200 0.9546  1.0000  0.9647  -1.0000  0.9546  0.9630  1.0000  0.9700  -1.0000  0.9630  0.0022  0.000010
epoch:201 0.9517  1.0000  0.9619  -1.0000  0.9517  0.9650  1.0000  0.9700  -1.0000  0.9650  0.0022  0.000010
epoch:202 0.9557  1.0000  0.9624  -1.0000  0.9557  0.9650  1.0000  0.9700  -1.0000  0.9650  0.0022  0.000010
