epoch:0 0.0223  0.1373  0.0004  -1.0000  0.0223  0.0820  0.3500  0.0100  -1.0000  0.0820  0.2878  0.001000
epoch:1 0.2372  0.7674  0.0639  -1.0000  0.2372  0.3560  0.8400  0.2400  -1.0000  0.3560  0.0213  0.001000
epoch:2 0.7622  1.0000  0.8994  -1.0000  0.7622  0.8010  1.0000  0.9200  -1.0000  0.8010  0.0140  0.001000
epoch:3 0.8439  1.0000  0.9575  -1.0000  0.8439  0.8740  1.0000  0.9600  -1.0000  0.8740  0.0105  0.001000
epoch:4 0.8845  0.9895  0.9895  -1.0000  0.8845  0.9050  0.9900  0.9900  -1.0000  0.9050  0.0087  0.001000
epoch:5 0.8552  1.0000  0.9668  -1.0000  0.8552  0.8890  1.0000  0.9700  -1.0000  0.8890  0.0077  0.001000
epoch:6 0.8688  0.9898  0.9774  -1.0000  0.8688  0.9000  0.9900  0.9800  -1.0000  0.9000  0.0069  0.001000
epoch:7 0.9089  0.9899  0.9786  -1.0000  0.9089  0.9310  0.9900  0.9800  -1.0000  0.9310  0.0063  0.001000
epoch:8 0.8873  0.9901  0.9789  -1.0000  0.8873  0.9170  0.9900  0.9800  -1.0000  0.9170  0.0060  0.001000
epoch:9 0.9076  1.0000  0.9771  -1.0000  0.9076  0.9310  1.0000  0.9800  -1.0000  0.9310  0.0058  0.001000
