epoch:0 0.0000  0.0000  0.0000  -1.0000  0.0000  0.0000  0.0000  0.0000  -1.0000  0.0000  0.6240  0.001000
epoch:1 0.0139  0.0651  0.0000  -1.0000  0.0139  0.0550  0.2100  0.0000  -1.0000  0.0550  0.0290  0.001000
epoch:2 0.0341  0.1930  0.0007  -1.0000  0.0341  0.1130  0.4200  0.0200  -1.0000  0.1130  0.0241  0.001000
epoch:3 0.3362  0.8897  0.2327  -1.0000  0.3362  0.4530  0.9100  0.4400  -1.0000  0.4530  0.0200  0.001000
epoch:4 0.6161  0.9884  0.6965  -1.0000  0.6161  0.6740  0.9900  0.7600  -1.0000  0.6740  0.0153  0.001000
epoch:5 0.7304  1.0000  0.8927  -1.0000  0.7304  0.7720  1.0000  0.9100  -1.0000  0.7720  0.0124  0.001000
epoch:6 0.7864  1.0000  0.9108  -1.0000  0.7864  0.8220  1.0000  0.9400  -1.0000  0.8220  0.0108  0.001000
epoch:7 0.8014  1.0000  0.9076  -1.0000  0.8014  0.8410  1.0000  0.9300  -1.0000  0.8410  0.0091  0.001000
epoch:8 0.8414  1.0000  0.9454  -1.0000  0.8414  0.8780  1.0000  0.9600  -1.0000  0.8780  0.0082  0.001000
epoch:9 0.8752  1.0000  0.9642  -1.0000  0.8752  0.9030  1.0000  0.9700  -1.0000  0.9030  0.0075  0.001000
epoch:10 0.8634  0.9890  0.9678  -1.0000  0.8634  0.8940  0.9900  0.9700  -1.0000  0.8940  0.0068  0.001000
epoch:11 0.8824  1.0000  0.9741  -1.0000  0.8824  0.9100  1.0000  0.9800  -1.0000  0.9100  0.0066  0.001000
epoch:12 0.8862  0.9899  0.9757  -1.0000  0.8862  0.9120  0.9900  0.9800  -1.0000  0.9120  0.0067  0.001000
epoch:13 0.8821  1.0000  0.9664  -1.0000  0.8821  0.9070  1.0000  0.9700  -1.0000  0.9070  0.0062  0.001000
epoch:14 0.8860  1.0000  0.9361  -1.0000  0.8860  0.9070  1.0000  0.9500  -1.0000  0.9070  0.0061  0.001000
epoch:15 0.8855  1.0000  0.9760  -1.0000  0.8855  0.9190  1.0000  0.9800  -1.0000  0.9190  0.0058  0.001000
epoch:16 0.9159  0.9901  0.9785  -1.0000  0.9159  0.9320  0.9900  0.9800  -1.0000  0.9320  0.0055  0.001000
epoch:17 0.9125  1.0000  0.9781  -1.0000  0.9125  0.9320  1.0000  0.9800  -1.0000  0.9320  0.0053  0.001000
epoch:18 0.8833  1.0000  0.9789  -1.0000  0.8833  0.9120  1.0000  0.9800  -1.0000  0.9120  0.0052  0.001000
epoch:19 0.9167  1.0000  0.9689  -1.0000  0.9167  0.9340  1.0000  0.9700  -1.0000  0.9340  0.0051  0.001000
epoch:20 0.9053  0.9900  0.9802  -1.0000  0.9053  0.9230  0.9900  0.9800  -1.0000  0.9230  0.0050  0.001000
epoch:21 0.9142  1.0000  0.9900  -1.0000  0.9142  0.9320  1.0000  0.9900  -1.0000  0.9320  0.0047  0.001000
epoch:22 0.8756  1.0000  0.9555  -1.0000  0.8756  0.9060  1.0000  0.9600  -1.0000  0.9060  0.0047  0.001000
epoch:23 0.9134  1.0000  0.9669  -1.0000  0.9134  0.9300  1.0000  0.9700  -1.0000  0.9300  0.0048  0.001000
epoch:24 0.9106  1.0000  0.9597  -1.0000  0.9106  0.9320  1.0000  0.9700  -1.0000  0.9320  0.0047  0.001000
epoch:25 0.9095  0.9901  0.9639  -1.0000  0.9095  0.9310  0.9900  0.9700  -1.0000  0.9310  0.0047  0.001000
epoch:26 0.9226  1.0000  0.9787  -1.0000  0.9226  0.9370  1.0000  0.9800  -1.0000  0.9370  0.0046  0.001000
epoch:27 0.9359  1.0000  0.9764  -1.0000  0.9359  0.9500  1.0000  0.9800  -1.0000  0.9500  0.0044  0.001000
epoch:28 0.9257  1.0000  0.9665  -1.0000  0.9257  0.9400  1.0000  0.9700  -1.0000  0.9400  0.0045  0.001000
epoch:29 0.9155  1.0000  0.9643  -1.0000  0.9155  0.9390  1.0000  0.9700  -1.0000  0.9390  0.0044  0.001000
epoch:30 0.9268  0.9895  0.9793  -1.0000  0.9268  0.9460  0.9900  0.9800  -1.0000  0.9460  0.0043  0.001000
epoch:31 0.9432  1.0000  0.9792  -1.0000  0.9432  0.9590  1.0000  0.9800  -1.0000  0.9590  0.0041  0.001000
epoch:32 0.9109  1.0000  0.9560  -1.0000  0.9109  0.9320  1.0000  0.9600  -1.0000  0.9320  0.0042  0.001000
epoch:33 0.9214  1.0000  0.9758  -1.0000  0.9214  0.9420  1.0000  0.9800  -1.0000  0.9420  0.0042  0.001000
epoch:34 0.9340  1.0000  0.9899  -1.0000  0.9340  0.9510  1.0000  0.9900  -1.0000  0.9510  0.0041  0.001000
epoch:35 0.9290  1.0000  0.9896  -1.0000  0.9290  0.9420  1.0000  0.9900  -1.0000  0.9420  0.0038  0.001000
epoch:36 0.9304  1.0000  0.9898  -1.0000  0.9304  0.9430  1.0000  0.9900  -1.0000  0.9430  0.0042  0.001000
epoch:37 0.9251  1.0000  0.9696  -1.0000  0.9251  0.9400  1.0000  0.9700  -1.0000  0.9400  0.0041  0.001000
epoch:38 0.9391  0.9901  0.9791  -1.0000  0.9391  0.9520  0.9900  0.9800  -1.0000  0.9520  0.0040  0.001000
epoch:39 0.9278  1.0000  0.9785  -1.0000  0.9278  0.9450  1.0000  0.9800  -1.0000  0.9450  0.0041  0.001000
epoch:40 0.9349  1.0000  0.9757  -1.0000  0.9349  0.9480  1.0000  0.9800  -1.0000  0.9480  0.0041  0.001000
epoch:41 0.9333  0.9901  0.9792  -1.0000  0.9333  0.9500  0.9900  0.9800  -1.0000  0.9500  0.0039  0.001000
epoch:42 0.9273  1.0000  0.9795  -1.0000  0.9273  0.9440  1.0000  0.9800  -1.0000  0.9440  0.0037  0.001000
epoch:43 0.9362  1.0000  0.9792  -1.0000  0.9362  0.9520  1.0000  0.9800  -1.0000  0.9520  0.0038  0.001000
epoch:44 0.9233  1.0000  0.9798  -1.0000  0.9233  0.9450  1.0000  0.9800  -1.0000  0.9450  0.0040  0.001000
epoch:45 0.9094  1.0000  0.9775  -1.0000  0.9094  0.9380  1.0000  0.9800  -1.0000  0.9380  0.0037  0.001000
epoch:46 0.9329  1.0000  0.9787  -1.0000  0.9329  0.9480  1.0000  0.9800  -1.0000  0.9480  0.0037  0.001000
epoch:47 0.9189  1.0000  0.9682  -1.0000  0.9189  0.9380  1.0000  0.9700  -1.0000  0.9380  0.0036  0.001000
epoch:48 0.9374  1.0000  0.9784  -1.0000  0.9374  0.9540  1.0000  0.9800  -1.0000  0.9540  0.0037  0.001000
epoch:49 0.9336  1.0000  0.9738  -1.0000  0.9336  0.9500  1.0000  0.9800  -1.0000  0.9500  0.0039  0.001000
epoch:50 0.9420  1.0000  0.9773  -1.0000  0.9420  0.9530  1.0000  0.9800  -1.0000  0.9530  0.0039  0.001000
epoch:51 0.9360  1.0000  0.9597  -1.0000  0.9360  0.9530  1.0000  0.9700  -1.0000  0.9530  0.0038  0.001000
epoch:52 0.9454  1.0000  0.9900  -1.0000  0.9454  0.9580  1.0000  0.9900  -1.0000  0.9580  0.0036  0.001000
epoch:53 0.9375  1.0000  0.9754  -1.0000  0.9375  0.9550  1.0000  0.9800  -1.0000  0.9550  0.0037  0.001000
epoch:54 0.9360  1.0000  0.9784  -1.0000  0.9360  0.9530  1.0000  0.9800  -1.0000  0.9530  0.0037  0.001000
epoch:55 0.9376  1.0000  0.9792  -1.0000  0.9376  0.9500  1.0000  0.9800  -1.0000  0.9500  0.0036  0.001000
epoch:56 0.9495  1.0000  0.9788  -1.0000  0.9495  0.9610  1.0000  0.9800  -1.0000  0.9610  0.0038  0.001000
epoch:57 0.9296  1.0000  0.9782  -1.0000  0.9296  0.9480  1.0000  0.9800  -1.0000  0.9480  0.0036  0.001000
epoch:58 0.9329  1.0000  0.9526  -1.0000  0.9329  0.9480  1.0000  0.9600  -1.0000  0.9480  0.0036  0.001000
epoch:59 0.9408  1.0000  0.9683  -1.0000  0.9408  0.9550  1.0000  0.9700  -1.0000  0.9550  0.0037  0.001000
epoch:60 0.9351  1.0000  0.9796  -1.0000  0.9351  0.9520  1.0000  0.9800  -1.0000  0.9520  0.0037  0.001000
epoch:61 0.9480  1.0000  0.9721  -1.0000  0.9480  0.9600  1.0000  0.9800  -1.0000  0.9600  0.0036  0.001000
epoch:62 0.9328  1.0000  0.9788  -1.0000  0.9328  0.9450  1.0000  0.9800  -1.0000  0.9450  0.0035  0.001000
epoch:63 0.9340  1.0000  0.9669  -1.0000  0.9340  0.9520  1.0000  0.9700  -1.0000  0.9520  0.0037  0.001000
epoch:64 0.9361  1.0000  0.9782  -1.0000  0.9361  0.9470  1.0000  0.9800  -1.0000  0.9470  0.0036  0.001000
epoch:65 0.9438  1.0000  0.9786  -1.0000  0.9438  0.9560  1.0000  0.9800  -1.0000  0.9560  0.0036  0.001000
epoch:66 0.9366  1.0000  0.9766  -1.0000  0.9366  0.9580  1.0000  0.9800  -1.0000  0.9580  0.0034  0.001000
epoch:67 0.9490  1.0000  0.9788  -1.0000  0.9490  0.9600  1.0000  0.9800  -1.0000  0.9600  0.0035  0.001000
epoch:68 0.9450  1.0000  0.9796  -1.0000  0.9450  0.9560  1.0000  0.9800  -1.0000  0.9560  0.0036  0.001000
epoch:69 0.9469  1.0000  0.9785  -1.0000  0.9469  0.9570  1.0000  0.9800  -1.0000  0.9570  0.0037  0.001000
epoch:70 0.9368  1.0000  0.9793  -1.0000  0.9368  0.9520  1.0000  0.9800  -1.0000  0.9520  0.0036  0.001000
epoch:71 0.9305  1.0000  0.9785  -1.0000  0.9305  0.9470  1.0000  0.9800  -1.0000  0.9470  0.0037  0.001000
epoch:72 0.9428  1.0000  0.9787  -1.0000  0.9428  0.9580  1.0000  0.9800  -1.0000  0.9580  0.0035  0.001000
epoch:73 0.9386  1.0000  0.9595  -1.0000  0.9386  0.9550  1.0000  0.9700  -1.0000  0.9550  0.0033  0.001000
epoch:74 0.9319  1.0000  0.9796  -1.0000  0.9319  0.9470  1.0000  0.9800  -1.0000  0.9470  0.0032  0.001000
epoch:75 0.9452  0.9901  0.9749  -1.0000  0.9452  0.9570  0.9900  0.9800  -1.0000  0.9570  0.0034  0.001000
epoch:76 0.9357  1.0000  0.9794  -1.0000  0.9357  0.9510  1.0000  0.9800  -1.0000  0.9510  0.0036  0.001000
epoch:77 0.9449  1.0000  0.9791  -1.0000  0.9449  0.9580  1.0000  0.9800  -1.0000  0.9580  0.0036  0.001000
epoch:78 0.9477  1.0000  0.9695  -1.0000  0.9477  0.9580  1.0000  0.9700  -1.0000  0.9580  0.0034  0.001000
epoch:79 0.9494  1.0000  0.9793  -1.0000  0.9494  0.9600  1.0000  0.9800  -1.0000  0.9600  0.0035  0.001000
epoch:80 0.9431  1.0000  0.9692  -1.0000  0.9431  0.9580  1.0000  0.9700  -1.0000  0.9580  0.0034  0.001000
epoch:81 0.9469  1.0000  0.9793  -1.0000  0.9469  0.9600  1.0000  0.9800  -1.0000  0.9600  0.0034  0.001000
epoch:82 0.9352  0.9895  0.9749  -1.0000  0.9352  0.9510  0.9900  0.9800  -1.0000  0.9510  0.0035  0.001000
epoch:83 0.9267  1.0000  0.9787  -1.0000  0.9267  0.9450  1.0000  0.9800  -1.0000  0.9450  0.0034  0.001000
epoch:84 0.9190  1.0000  0.9697  -1.0000  0.9190  0.9370  1.0000  0.9700  -1.0000  0.9370  0.0033  0.001000
epoch:85 0.9324  1.0000  0.9693  -1.0000  0.9324  0.9480  1.0000  0.9700  -1.0000  0.9480  0.0033  0.001000
epoch:86 0.9343  1.0000  0.9649  -1.0000  0.9343  0.9490  1.0000  0.9700  -1.0000  0.9490  0.0035  0.001000
epoch:87 0.9439  1.0000  0.9895  -1.0000  0.9439  0.9580  1.0000  0.9900  -1.0000  0.9580  0.0035  0.001000
epoch:88 0.9366  1.0000  0.9779  -1.0000  0.9366  0.9510  1.0000  0.9800  -1.0000  0.9510  0.0034  0.001000
epoch:89 0.9537  1.0000  0.9781  -1.0000  0.9537  0.9620  1.0000  0.9800  -1.0000  0.9620  0.0033  0.001000
epoch:90 0.9339  1.0000  0.9780  -1.0000  0.9339  0.9520  1.0000  0.9800  -1.0000  0.9520  0.0035  0.001000
epoch:91 0.9415  1.0000  0.9775  -1.0000  0.9415  0.9560  1.0000  0.9800  -1.0000  0.9560  0.0034  0.001000
epoch:92 0.9359  1.0000  0.9778  -1.0000  0.9359  0.9520  1.0000  0.9800  -1.0000  0.9520  0.0034  0.001000
epoch:93 0.9353  1.0000  0.9901  -1.0000  0.9353  0.9540  1.0000  0.9900  -1.0000  0.9540  0.0033  0.001000
epoch:94 0.9453  1.0000  0.9787  -1.0000  0.9453  0.9580  1.0000  0.9800  -1.0000  0.9580  0.0036  0.001000
epoch:95 0.9238  1.0000  0.9800  -1.0000  0.9238  0.9420  1.0000  0.9800  -1.0000  0.9420  0.0036  0.001000
epoch:96 0.9363  1.0000  0.9793  -1.0000  0.9363  0.9480  1.0000  0.9800  -1.0000  0.9480  0.0039  0.001000
