epoch:0 0.0000  0.0000  0.0000  -1.0000  0.0000  0.0000  0.0000  0.0000  -1.0000  0.0000  0.3686  0.001000
epoch:1 0.0666  0.2898  0.0052  -1.0000  0.0666  0.1500  0.5000  0.0400  -1.0000  0.1500  0.0284  0.001000
epoch:2 0.3524  0.8751  0.2219  -1.0000  0.3524  0.4410  0.9100  0.3800  -1.0000  0.4410  0.0216  0.001000
epoch:3 0.5462  0.9688  0.5706  -1.0000  0.5462  0.6090  0.9800  0.6700  -1.0000  0.6090  0.0164  0.001000
epoch:4 0.7553  1.0000  0.9169  -1.0000  0.7553  0.7970  1.0000  0.9300  -1.0000  0.7970  0.0128  0.001000
epoch:5 0.7516  0.9886  0.8788  -1.0000  0.7516  0.7960  0.9900  0.9100  -1.0000  0.7960  0.0110  0.001000
epoch:6 0.8315  1.0000  0.9572  -1.0000  0.8315  0.8760  1.0000  0.9700  -1.0000  0.8760  0.0092  0.001000
epoch:7 0.8302  0.9884  0.9626  -1.0000  0.8302  0.8800  0.9900  0.9700  -1.0000  0.8800  0.0084  0.001000
epoch:8 0.8509  1.0000  0.9533  -1.0000  0.8509  0.8890  1.0000  0.9600  -1.0000  0.8890  0.0073  0.001000
epoch:9 0.8594  0.9899  0.9575  -1.0000  0.8594  0.8850  0.9900  0.9600  -1.0000  0.8850  0.0071  0.001000
epoch:10 0.8910  0.9797  0.9561  -1.0000  0.8910  0.9140  0.9800  0.9600  -1.0000  0.9140  0.0065  0.001000
epoch:11 0.8845  1.0000  0.9770  -1.0000  0.8845  0.9110  1.0000  0.9800  -1.0000  0.9110  0.0061  0.001000
epoch:12 0.8921  1.0000  0.9689  -1.0000  0.8921  0.9160  1.0000  0.9700  -1.0000  0.9160  0.0060  0.001000
epoch:13 0.8905  1.0000  0.9783  -1.0000  0.8905  0.9170  1.0000  0.9800  -1.0000  0.9170  0.0055  0.001000
epoch:14 0.9090  1.0000  0.9765  -1.0000  0.9090  0.9320  1.0000  0.9800  -1.0000  0.9320  0.0057  0.001000
epoch:15 0.9119  1.0000  0.9660  -1.0000  0.9119  0.9310  1.0000  0.9700  -1.0000  0.9310  0.0051  0.001000
epoch:16 0.9072  1.0000  0.9765  -1.0000  0.9072  0.9330  1.0000  0.9800  -1.0000  0.9330  0.0051  0.001000
epoch:17 0.8845  0.9898  0.9676  -1.0000  0.8845  0.9110  0.9900  0.9700  -1.0000  0.9110  0.0051  0.001000
epoch:18 0.9293  1.0000  0.9783  -1.0000  0.9293  0.9460  1.0000  0.9800  -1.0000  0.9460  0.0050  0.001000
epoch:19 0.9255  0.9896  0.9678  -1.0000  0.9255  0.9430  0.9900  0.9700  -1.0000  0.9430  0.0047  0.001000
epoch:20 0.9227  1.0000  0.9792  -1.0000  0.9227  0.9360  1.0000  0.9800  -1.0000  0.9360  0.0047  0.001000
epoch:21 0.9393  0.9900  0.9792  -1.0000  0.9393  0.9530  0.9900  0.9800  -1.0000  0.9530  0.0046  0.001000
epoch:22 0.9323  1.0000  0.9788  -1.0000  0.9323  0.9460  1.0000  0.9800  -1.0000  0.9460  0.0043  0.001000
epoch:23 0.9158  1.0000  0.9662  -1.0000  0.9158  0.9350  1.0000  0.9700  -1.0000  0.9350  0.0044  0.001000
epoch:24 0.9176  1.0000  0.9777  -1.0000  0.9176  0.9380  1.0000  0.9800  -1.0000  0.9380  0.0043  0.001000
epoch:25 0.9238  0.9901  0.9555  -1.0000  0.9238  0.9370  0.9900  0.9600  -1.0000  0.9370  0.0043  0.001000
epoch:26 0.9275  1.0000  0.9784  -1.0000  0.9275  0.9450  1.0000  0.9800  -1.0000  0.9450  0.0044  0.001000
epoch:27 0.9234  1.0000  0.9690  -1.0000  0.9234  0.9380  1.0000  0.9700  -1.0000  0.9380  0.0043  0.001000
epoch:28 0.9074  1.0000  0.9785  -1.0000  0.9074  0.9290  1.0000  0.9800  -1.0000  0.9290  0.0041  0.001000
epoch:29 0.9261  1.0000  0.9793  -1.0000  0.9261  0.9410  1.0000  0.9800  -1.0000  0.9410  0.0041  0.001000
epoch:30 0.9258  0.9901  0.9781  -1.0000  0.9258  0.9420  0.9900  0.9800  -1.0000  0.9420  0.0044  0.001000
epoch:31 0.9310  1.0000  0.9796  -1.0000  0.9310  0.9450  1.0000  0.9800  -1.0000  0.9450  0.0042  0.001000
epoch:32 0.9355  0.9901  0.9777  -1.0000  0.9355  0.9460  0.9900  0.9800  -1.0000  0.9460  0.0041  0.001000
epoch:33 0.9334  1.0000  0.9779  -1.0000  0.9334  0.9500  1.0000  0.9800  -1.0000  0.9500  0.0042  0.001000
epoch:34 0.9335  1.0000  0.9695  -1.0000  0.9335  0.9450  1.0000  0.9700  -1.0000  0.9450  0.0039  0.001000
epoch:35 0.9365  1.0000  0.9759  -1.0000  0.9365  0.9520  1.0000  0.9800  -1.0000  0.9520  0.0039  0.001000
epoch:36 0.9413  1.0000  0.9791  -1.0000  0.9413  0.9550  1.0000  0.9800  -1.0000  0.9550  0.0040  0.001000
epoch:37 0.9299  1.0000  0.9679  -1.0000  0.9299  0.9430  1.0000  0.9700  -1.0000  0.9430  0.0039  0.001000
epoch:38 0.9415  1.0000  0.9775  -1.0000  0.9415  0.9580  1.0000  0.9800  -1.0000  0.9580  0.0037  0.001000
epoch:39 0.9162  0.9901  0.9518  -1.0000  0.9162  0.9360  0.9900  0.9600  -1.0000  0.9360  0.0038  0.001000
epoch:40 0.9402  1.0000  0.9777  -1.0000  0.9402  0.9530  1.0000  0.9800  -1.0000  0.9530  0.0039  0.001000
epoch:41 0.9478  1.0000  0.9766  -1.0000  0.9478  0.9580  1.0000  0.9800  -1.0000  0.9580  0.0036  0.001000
epoch:42 0.9345  1.0000  0.9691  -1.0000  0.9345  0.9460  1.0000  0.9700  -1.0000  0.9460  0.0037  0.001000
epoch:43 0.9329  1.0000  0.9761  -1.0000  0.9329  0.9520  1.0000  0.9800  -1.0000  0.9520  0.0035  0.001000
epoch:44 0.9442  1.0000  0.9784  -1.0000  0.9442  0.9550  1.0000  0.9800  -1.0000  0.9550  0.0037  0.001000
epoch:45 0.9381  1.0000  0.9789  -1.0000  0.9381  0.9500  1.0000  0.9800  -1.0000  0.9500  0.0038  0.001000
epoch:46 0.9253  1.0000  0.9781  -1.0000  0.9253  0.9410  1.0000  0.9800  -1.0000  0.9410  0.0038  0.001000
epoch:47 0.9335  1.0000  0.9899  -1.0000  0.9335  0.9490  1.0000  0.9900  -1.0000  0.9490  0.0038  0.001000
epoch:48 0.9345  1.0000  0.9772  -1.0000  0.9345  0.9490  1.0000  0.9800  -1.0000  0.9490  0.0038  0.001000
epoch:49 0.9382  1.0000  0.9795  -1.0000  0.9382  0.9540  1.0000  0.9800  -1.0000  0.9540  0.0038  0.001000
epoch:50 0.9525  1.0000  0.9789  -1.0000  0.9525  0.9630  1.0000  0.9800  -1.0000  0.9630  0.0037  0.001000
epoch:51 0.9324  1.0000  0.9675  -1.0000  0.9324  0.9470  1.0000  0.9700  -1.0000  0.9470  0.0036  0.001000
epoch:52 0.9346  1.0000  0.9785  -1.0000  0.9346  0.9510  1.0000  0.9800  -1.0000  0.9510  0.0036  0.001000
epoch:53 0.9452  1.0000  0.9716  -1.0000  0.9452  0.9590  1.0000  0.9800  -1.0000  0.9590  0.0037  0.001000
epoch:54 0.9332  1.0000  0.9797  -1.0000  0.9332  0.9510  1.0000  0.9800  -1.0000  0.9510  0.0039  0.001000
epoch:55 0.9479  0.9900  0.9796  -1.0000  0.9479  0.9570  0.9900  0.9800  -1.0000  0.9570  0.0035  0.001000
epoch:56 0.9439  1.0000  0.9785  -1.0000  0.9439  0.9590  1.0000  0.9800  -1.0000  0.9590  0.0034  0.001000
epoch:57 0.9454  1.0000  0.9901  -1.0000  0.9454  0.9570  1.0000  0.9900  -1.0000  0.9570  0.0037  0.001000
epoch:58 0.9397  1.0000  0.9898  -1.0000  0.9397  0.9550  1.0000  0.9900  -1.0000  0.9550  0.0035  0.001000
epoch:59 0.9434  1.0000  0.9788  -1.0000  0.9434  0.9550  1.0000  0.9800  -1.0000  0.9550  0.0038  0.001000
epoch:60 0.9526  1.0000  0.9787  -1.0000  0.9526  0.9600  1.0000  0.9800  -1.0000  0.9600  0.0035  0.001000
epoch:61 0.9428  1.0000  0.9763  -1.0000  0.9428  0.9590  1.0000  0.9800  -1.0000  0.9590  0.0034  0.001000
epoch:62 0.9486  1.0000  0.9900  -1.0000  0.9486  0.9600  1.0000  0.9900  -1.0000  0.9600  0.0035  0.001000
epoch:63 0.9401  1.0000  0.9779  -1.0000  0.9401  0.9540  1.0000  0.9800  -1.0000  0.9540  0.0034  0.001000
epoch:64 0.9539  1.0000  0.9785  -1.0000  0.9539  0.9600  1.0000  0.9800  -1.0000  0.9600  0.0035  0.001000
epoch:65 0.9342  1.0000  0.9791  -1.0000  0.9342  0.9510  1.0000  0.9800  -1.0000  0.9510  0.0034  0.001000
epoch:66 0.9507  1.0000  0.9901  -1.0000  0.9507  0.9630  1.0000  0.9900  -1.0000  0.9630  0.0035  0.001000
epoch:67 0.9313  1.0000  0.9635  -1.0000  0.9313  0.9480  1.0000  0.9700  -1.0000  0.9480  0.0034  0.001000
epoch:68 0.9432  1.0000  0.9788  -1.0000  0.9432  0.9570  1.0000  0.9800  -1.0000  0.9570  0.0035  0.001000
epoch:69 0.9464  1.0000  0.9777  -1.0000  0.9464  0.9570  1.0000  0.9800  -1.0000  0.9570  0.0036  0.001000
epoch:70 0.9482  1.0000  0.9798  -1.0000  0.9482  0.9600  1.0000  0.9800  -1.0000  0.9600  0.0036  0.001000
epoch:71 0.9245  0.9901  0.9782  -1.0000  0.9245  0.9430  0.9900  0.9800  -1.0000  0.9430  0.0036  0.001000
epoch:72 0.9471  1.0000  0.9686  -1.0000  0.9471  0.9580  1.0000  0.9700  -1.0000  0.9580  0.0034  0.001000
epoch:73 0.9466  1.0000  0.9789  -1.0000  0.9466  0.9580  1.0000  0.9800  -1.0000  0.9580  0.0034  0.001000
epoch:74 0.9404  1.0000  0.9901  -1.0000  0.9404  0.9560  1.0000  0.9900  -1.0000  0.9560  0.0034  0.001000
epoch:75 0.9477  1.0000  0.9695  -1.0000  0.9477  0.9550  1.0000  0.9700  -1.0000  0.9550  0.0034  0.001000
epoch:76 0.9319  1.0000  0.9795  -1.0000  0.9319  0.9460  1.0000  0.9800  -1.0000  0.9460  0.0036  0.001000
epoch:77 0.9376  1.0000  0.9785  -1.0000  0.9376  0.9540  1.0000  0.9800  -1.0000  0.9540  0.0034  0.001000
epoch:78 0.9431  1.0000  0.9790  -1.0000  0.9431  0.9540  1.0000  0.9800  -1.0000  0.9540  0.0035  0.001000
epoch:79 0.9433  1.0000  0.9696  -1.0000  0.9433  0.9550  1.0000  0.9700  -1.0000  0.9550  0.0035  0.001000
epoch:80 0.9505  1.0000  0.9776  -1.0000  0.9505  0.9590  1.0000  0.9800  -1.0000  0.9590  0.0034  0.001000
epoch:81 0.9451  1.0000  0.9794  -1.0000  0.9451  0.9550  1.0000  0.9800  -1.0000  0.9550  0.0034  0.001000
epoch:82 0.9384  1.0000  0.9789  -1.0000  0.9384  0.9500  1.0000  0.9800  -1.0000  0.9500  0.0033  0.001000
epoch:83 0.9496  1.0000  0.9901  -1.0000  0.9496  0.9580  1.0000  0.9900  -1.0000  0.9580  0.0036  0.001000
epoch:84 0.9499  1.0000  0.9796  -1.0000  0.9499  0.9580  1.0000  0.9800  -1.0000  0.9580  0.0036  0.001000
epoch:85 0.9489  0.9901  0.9766  -1.0000  0.9489  0.9600  0.9900  0.9800  -1.0000  0.9600  0.0032  0.001000
epoch:86 0.9363  1.0000  0.9769  -1.0000  0.9363  0.9520  1.0000  0.9800  -1.0000  0.9520  0.0035  0.001000
epoch:87 0.9361  1.0000  0.9787  -1.0000  0.9361  0.9490  1.0000  0.9800  -1.0000  0.9490  0.0033  0.001000
epoch:88 0.9508  1.0000  0.9899  -1.0000  0.9508  0.9640  1.0000  0.9900  -1.0000  0.9640  0.0034  0.001000
epoch:89 0.9575  1.0000  0.9899  -1.0000  0.9575  0.9690  1.0000  0.9900  -1.0000  0.9690  0.0034  0.001000
epoch:90 0.9512  1.0000  0.9790  -1.0000  0.9512  0.9570  1.0000  0.9800  -1.0000  0.9570  0.0034  0.001000
epoch:91 0.9538  1.0000  0.9790  -1.0000  0.9538  0.9620  1.0000  0.9800  -1.0000  0.9620  0.0033  0.001000
epoch:92 0.9489  1.0000  0.9901  -1.0000  0.9489  0.9610  1.0000  0.9900  -1.0000  0.9610  0.0034  0.001000
epoch:93 0.9383  1.0000  0.9793  -1.0000  0.9383  0.9530  1.0000  0.9800  -1.0000  0.9530  0.0034  0.001000
epoch:94 0.9493  1.0000  0.9692  -1.0000  0.9493  0.9580  1.0000  0.9700  -1.0000  0.9580  0.0035  0.001000
epoch:95 0.9313  0.9900  0.9696  -1.0000  0.9313  0.9470  0.9900  0.9700  -1.0000  0.9470  0.0036  0.001000
epoch:96 0.9400  1.0000  0.9790  -1.0000  0.9400  0.9490  1.0000  0.9800  -1.0000  0.9490  0.0033  0.001000
epoch:97 0.9480  1.0000  0.9788  -1.0000  0.9480  0.9580  1.0000  0.9800  -1.0000  0.9580  0.0035  0.001000
epoch:98 0.9528  0.9901  0.9901  -1.0000  0.9528  0.9630  0.9900  0.9900  -1.0000  0.9630  0.0032  0.001000
epoch:99 0.9311  1.0000  0.9795  -1.0000  0.9311  0.9420  1.0000  0.9800  -1.0000  0.9420  0.0032  0.001000
epoch:100 0.9438  0.9901  0.9901  -1.0000  0.9438  0.9530  0.9900  0.9900  -1.0000  0.9530  0.0033  0.001000
epoch:101 0.9497  1.0000  0.9793  -1.0000  0.9497  0.9600  1.0000  0.9800  -1.0000  0.9600  0.0033  0.001000
epoch:102 0.9457  1.0000  0.9791  -1.0000  0.9457  0.9560  1.0000  0.9800  -1.0000  0.9560  0.0034  0.001000
epoch:103 0.9451  1.0000  0.9781  -1.0000  0.9451  0.9570  1.0000  0.9800  -1.0000  0.9570  0.0036  0.001000
epoch:104 0.9448  1.0000  0.9793  -1.0000  0.9448  0.9560  1.0000  0.9800  -1.0000  0.9560  0.0033  0.001000
epoch:105 0.9368  1.0000  0.9759  -1.0000  0.9368  0.9560  1.0000  0.9800  -1.0000  0.9560  0.0034  0.001000
epoch:106 0.9448  1.0000  0.9624  -1.0000  0.9448  0.9580  1.0000  0.9700  -1.0000  0.9580  0.0034  0.001000
epoch:107 0.9448  1.0000  0.9787  -1.0000  0.9448  0.9570  1.0000  0.9800  -1.0000  0.9570  0.0035  0.001000
epoch:108 0.9333  0.9892  0.9784  -1.0000  0.9333  0.9480  0.9900  0.9800  -1.0000  0.9480  0.0033  0.001000
epoch:109 0.9487  1.0000  0.9776  -1.0000  0.9487  0.9570  1.0000  0.9800  -1.0000  0.9570  0.0034  0.001000
epoch:110 0.9508  1.0000  0.9900  -1.0000  0.9508  0.9630  1.0000  0.9900  -1.0000  0.9630  0.0032  0.001000
epoch:111 0.9455  1.0000  0.9792  -1.0000  0.9455  0.9550  1.0000  0.9800  -1.0000  0.9550  0.0032  0.001000
epoch:112 0.9453  1.0000  0.9792  -1.0000  0.9453  0.9570  1.0000  0.9800  -1.0000  0.9570  0.0033  0.001000
epoch:113 0.9483  1.0000  0.9800  -1.0000  0.9483  0.9560  1.0000  0.9800  -1.0000  0.9560  0.0034  0.001000
epoch:114 0.9591  1.0000  0.9795  -1.0000  0.9591  0.9650  1.0000  0.9800  -1.0000  0.9650  0.0033  0.001000
epoch:115 0.9462  1.0000  0.9792  -1.0000  0.9462  0.9560  1.0000  0.9800  -1.0000  0.9560  0.0033  0.001000
epoch:116 0.9464  1.0000  0.9791  -1.0000  0.9464  0.9570  1.0000  0.9800  -1.0000  0.9570  0.0034  0.001000
epoch:117 0.9515  1.0000  0.9901  -1.0000  0.9515  0.9670  1.0000  0.9900  -1.0000  0.9670  0.0033  0.001000
epoch:118 0.9431  1.0000  0.9901  -1.0000  0.9431  0.9560  1.0000  0.9900  -1.0000  0.9560  0.0033  0.001000
epoch:119 0.9642  1.0000  0.9901  -1.0000  0.9642  0.9720  1.0000  0.9900  -1.0000  0.9720  0.0034  0.001000
epoch:120 0.9522  1.0000  0.9785  -1.0000  0.9522  0.9610  1.0000  0.9800  -1.0000  0.9610  0.0033  0.001000
epoch:121 0.9402  1.0000  0.9795  -1.0000  0.9402  0.9560  1.0000  0.9800  -1.0000  0.9560  0.0033  0.001000
epoch:122 0.9490  1.0000  0.9656  -1.0000  0.9490  0.9600  1.0000  0.9700  -1.0000  0.9600  0.0033  0.001000
epoch:123 0.9325  1.0000  0.9797  -1.0000  0.9325  0.9500  1.0000  0.9800  -1.0000  0.9500  0.0035  0.001000
epoch:124 0.9433  1.0000  0.9793  -1.0000  0.9433  0.9550  1.0000  0.9800  -1.0000  0.9550  0.0033  0.001000
epoch:125 0.9460  1.0000  0.9785  -1.0000  0.9460  0.9580  1.0000  0.9800  -1.0000  0.9580  0.0033  0.001000
epoch:126 0.9335  1.0000  0.9789  -1.0000  0.9335  0.9460  1.0000  0.9800  -1.0000  0.9460  0.0034  0.001000
epoch:127 0.9382  1.0000  0.9901  -1.0000  0.9382  0.9540  1.0000  0.9900  -1.0000  0.9540  0.0031  0.001000
epoch:128 0.9490  1.0000  0.9900  -1.0000  0.9490  0.9600  1.0000  0.9900  -1.0000  0.9600  0.0030  0.001000
epoch:129 0.9462  1.0000  0.9901  -1.0000  0.9462  0.9590  1.0000  0.9900  -1.0000  0.9590  0.0030  0.001000
epoch:130 0.9351  1.0000  0.9785  -1.0000  0.9351  0.9510  1.0000  0.9800  -1.0000  0.9510  0.0034  0.001000
epoch:131 0.9417  1.0000  0.9901  -1.0000  0.9417  0.9550  1.0000  0.9900  -1.0000  0.9550  0.0031  0.001000
epoch:132 0.9481  1.0000  0.9789  -1.0000  0.9481  0.9600  1.0000  0.9800  -1.0000  0.9600  0.0034  0.001000
epoch:133 0.9253  1.0000  0.9792  -1.0000  0.9253  0.9410  1.0000  0.9800  -1.0000  0.9410  0.0032  0.001000
epoch:134 0.9397  0.9901  0.9689  -1.0000  0.9397  0.9510  0.9900  0.9700  -1.0000  0.9510  0.0030  0.001000
epoch:135 0.9461  1.0000  0.9793  -1.0000  0.9461  0.9570  1.0000  0.9800  -1.0000  0.9570  0.0034  0.001000
epoch:136 0.9499  1.0000  0.9901  -1.0000  0.9499  0.9580  1.0000  0.9900  -1.0000  0.9580  0.0034  0.001000
epoch:137 0.9527  1.0000  0.9793  -1.0000  0.9527  0.9590  1.0000  0.9800  -1.0000  0.9590  0.0033  0.001000
epoch:138 0.9514  1.0000  0.9901  -1.0000  0.9514  0.9630  1.0000  0.9900  -1.0000  0.9630  0.0033  0.001000
epoch:139 0.9408  1.0000  0.9773  -1.0000  0.9408  0.9520  1.0000  0.9800  -1.0000  0.9520  0.0032  0.001000
epoch:140 0.9496  1.0000  0.9800  -1.0000  0.9496  0.9590  1.0000  0.9800  -1.0000  0.9590  0.0031  0.001000
epoch:141 0.9499  1.0000  0.9789  -1.0000  0.9499  0.9600  1.0000  0.9800  -1.0000  0.9600  0.0031  0.001000
epoch:142 0.9538  1.0000  0.9792  -1.0000  0.9538  0.9610  1.0000  0.9800  -1.0000  0.9610  0.0032  0.001000
epoch:143 0.9431  1.0000  0.9688  -1.0000  0.9431  0.9560  1.0000  0.9700  -1.0000  0.9560  0.0031  0.001000
epoch:144 0.9454  1.0000  0.9794  -1.0000  0.9454  0.9540  1.0000  0.9800  -1.0000  0.9540  0.0031  0.001000
epoch:145 0.9462  1.0000  0.9792  -1.0000  0.9462  0.9600  1.0000  0.9800  -1.0000  0.9600  0.0032  0.001000
epoch:146 0.9465  1.0000  0.9798  -1.0000  0.9465  0.9580  1.0000  0.9800  -1.0000  0.9580  0.0033  0.001000
epoch:147 0.9513  1.0000  0.9901  -1.0000  0.9513  0.9630  1.0000  0.9900  -1.0000  0.9630  0.0032  0.001000
epoch:148 0.9378  1.0000  0.9796  -1.0000  0.9378  0.9520  1.0000  0.9800  -1.0000  0.9520  0.0030  0.001000
epoch:149 0.9385  1.0000  0.9767  -1.0000  0.9385  0.9550  1.0000  0.9800  -1.0000  0.9550  0.0030  0.001000
epoch:150 0.9471  1.0000  0.9901  -1.0000  0.9471  0.9590  1.0000  0.9900  -1.0000  0.9590  0.0031  0.001000
epoch:151 0.9544  1.0000  0.9901  -1.0000  0.9544  0.9610  1.0000  0.9900  -1.0000  0.9610  0.0034  0.001000
epoch:152 0.9534  1.0000  0.9901  -1.0000  0.9534  0.9640  1.0000  0.9900  -1.0000  0.9640  0.0032  0.001000
epoch:153 0.9503  1.0000  0.9795  -1.0000  0.9503  0.9580  1.0000  0.9800  -1.0000  0.9580  0.0032  0.001000
epoch:154 0.9555  1.0000  0.9901  -1.0000  0.9555  0.9650  1.0000  0.9900  -1.0000  0.9650  0.0032  0.001000
epoch:155 0.9485  1.0000  0.9890  -1.0000  0.9485  0.9620  1.0000  0.9900  -1.0000  0.9620  0.0031  0.001000
epoch:156 0.9499  1.0000  0.9794  -1.0000  0.9499  0.9590  1.0000  0.9800  -1.0000  0.9590  0.0029  0.001000
epoch:157 0.9553  0.9901  0.9797  -1.0000  0.9553  0.9640  0.9900  0.9800  -1.0000  0.9640  0.0029  0.001000
epoch:158 0.9441  1.0000  0.9793  -1.0000  0.9441  0.9560  1.0000  0.9800  -1.0000  0.9560  0.0031  0.001000
epoch:159 0.9531  1.0000  0.9783  -1.0000  0.9531  0.9650  1.0000  0.9800  -1.0000  0.9650  0.0028  0.001000
epoch:160 0.9408  1.0000  0.9793  -1.0000  0.9408  0.9570  1.0000  0.9800  -1.0000  0.9570  0.0031  0.001000
epoch:161 0.9411  0.9901  0.9699  -1.0000  0.9411  0.9520  0.9900  0.9700  -1.0000  0.9520  0.0032  0.001000
epoch:162 0.9534  1.0000  0.9901  -1.0000  0.9534  0.9640  1.0000  0.9900  -1.0000  0.9640  0.0032  0.001000
epoch:163 0.9479  1.0000  0.9900  -1.0000  0.9479  0.9590  1.0000  0.9900  -1.0000  0.9590  0.0032  0.001000
epoch:164 0.9501  1.0000  0.9793  -1.0000  0.9501  0.9610  1.0000  0.9800  -1.0000  0.9610  0.0032  0.001000
epoch:165 0.9504  0.9901  0.9750  -1.0000  0.9504  0.9620  0.9900  0.9800  -1.0000  0.9620  0.0032  0.001000
epoch:166 0.9525  1.0000  0.9800  -1.0000  0.9525  0.9620  1.0000  0.9800  -1.0000  0.9620  0.0034  0.001000
epoch:167 0.9515  1.0000  0.9793  -1.0000  0.9515  0.9600  1.0000  0.9800  -1.0000  0.9600  0.0031  0.001000
epoch:168 0.9385  1.0000  0.9901  -1.0000  0.9385  0.9540  1.0000  0.9900  -1.0000  0.9540  0.0031  0.001000
epoch:169 0.9516  1.0000  0.9744  -1.0000  0.9516  0.9660  1.0000  0.9800  -1.0000  0.9660  0.0029  0.001000
epoch:170 0.9485  1.0000  0.9901  -1.0000  0.9485  0.9590  1.0000  0.9900  -1.0000  0.9590  0.0030  0.001000
epoch:171 0.9566  1.0000  0.9901  -1.0000  0.9566  0.9670  1.0000  0.9900  -1.0000  0.9670  0.0030  0.001000
epoch:172 0.9582  1.0000  0.9900  -1.0000  0.9582  0.9710  1.0000  0.9900  -1.0000  0.9710  0.0030  0.001000
epoch:173 0.9449  1.0000  0.9797  -1.0000  0.9449  0.9580  1.0000  0.9800  -1.0000  0.9580  0.0030  0.001000
epoch:174 0.9517  1.0000  0.9794  -1.0000  0.9517  0.9610  1.0000  0.9800  -1.0000  0.9610  0.0032  0.001000
epoch:175 0.9500  1.0000  0.9698  -1.0000  0.9500  0.9570  1.0000  0.9700  -1.0000  0.9570  0.0031  0.001000
epoch:176 0.9518  1.0000  0.9787  -1.0000  0.9518  0.9590  1.0000  0.9800  -1.0000  0.9590  0.0030  0.001000
epoch:177 0.9514  1.0000  0.9791  -1.0000  0.9514  0.9610  1.0000  0.9800  -1.0000  0.9610  0.0029  0.001000
epoch:178 0.9591  1.0000  0.9796  -1.0000  0.9591  0.9650  1.0000  0.9800  -1.0000  0.9650  0.0028  0.001000
epoch:179 0.9506  1.0000  0.9780  -1.0000  0.9506  0.9580  1.0000  0.9800  -1.0000  0.9580  0.0028  0.001000
epoch:180 0.9389  1.0000  0.9764  -1.0000  0.9389  0.9580  1.0000  0.9800  -1.0000  0.9580  0.0030  0.001000
epoch:181 0.9391  1.0000  0.9791  -1.0000  0.9391  0.9530  1.0000  0.9800  -1.0000  0.9530  0.0030  0.001000
epoch:182 0.9420  0.9901  0.9694  -1.0000  0.9420  0.9500  0.9900  0.9700  -1.0000  0.9500  0.0030  0.001000
epoch:183 0.9459  1.0000  0.9796  -1.0000  0.9459  0.9560  1.0000  0.9800  -1.0000  0.9560  0.0029  0.001000
epoch:184 0.9469  1.0000  0.9651  -1.0000  0.9469  0.9580  1.0000  0.9700  -1.0000  0.9580  0.0029  0.001000
epoch:185 0.9374  1.0000  0.9900  -1.0000  0.9374  0.9520  1.0000  0.9900  -1.0000  0.9520  0.0030  0.001000
epoch:186 0.9514  1.0000  0.9900  -1.0000  0.9514  0.9630  1.0000  0.9900  -1.0000  0.9630  0.0031  0.001000
epoch:187 0.9436  1.0000  0.9795  -1.0000  0.9436  0.9580  1.0000  0.9800  -1.0000  0.9580  0.0029  0.001000
epoch:188 0.9415  1.0000  0.9801  -1.0000  0.9415  0.9550  1.0000  0.9800  -1.0000  0.9550  0.0030  0.001000
epoch:189 0.9452  1.0000  0.9702  -1.0000  0.9452  0.9580  1.0000  0.9700  -1.0000  0.9580  0.0030  0.001000
epoch:190 0.9373  1.0000  0.9678  -1.0000  0.9373  0.9510  1.0000  0.9700  -1.0000  0.9510  0.0029  0.001000
epoch:191 0.9415  1.0000  0.9615  -1.0000  0.9415  0.9540  1.0000  0.9700  -1.0000  0.9540  0.0030  0.001000
epoch:192 0.9505  1.0000  0.9640  -1.0000  0.9505  0.9600  1.0000  0.9700  -1.0000  0.9600  0.0029  0.001000
epoch:193 0.9471  1.0000  0.9800  -1.0000  0.9471  0.9550  1.0000  0.9800  -1.0000  0.9550  0.0030  0.001000
epoch:194 0.9507  1.0000  0.9797  -1.0000  0.9507  0.9600  1.0000  0.9800  -1.0000  0.9600  0.0030  0.001000
epoch:195 0.9543  1.0000  0.9900  -1.0000  0.9543  0.9640  1.0000  0.9900  -1.0000  0.9640  0.0030  0.001000
epoch:196 0.9448  1.0000  0.9799  -1.0000  0.9448  0.9580  1.0000  0.9800  -1.0000  0.9580  0.0029  0.001000
epoch:197 0.9278  0.9770  0.9555  -1.0000  0.9278  0.9390  0.9800  0.9600  -1.0000  0.9390  0.0029  0.001000
epoch:198 0.9498  1.0000  0.9899  -1.0000  0.9498  0.9600  1.0000  0.9900  -1.0000  0.9600  0.0028  0.001000
epoch:199 0.9460  1.0000  0.9792  -1.0000  0.9460  0.9550  1.0000  0.9800  -1.0000  0.9550  0.0030  0.001000
epoch:200 0.9418  0.9900  0.9782  -1.0000  0.9418  0.9540  0.9900  0.9800  -1.0000  0.9540  0.0029  0.001000
epoch:201 0.9426  0.9901  0.9801  -1.0000  0.9426  0.9530  0.9900  0.9800  -1.0000  0.9530  0.0030  0.001000
epoch:202 0.9422  1.0000  0.9798  -1.0000  0.9422  0.9560  1.0000  0.9800  -1.0000  0.9560  0.0028  0.001000
epoch:203 0.9467  1.0000  0.9785  -1.0000  0.9467  0.9560  1.0000  0.9800  -1.0000  0.9560  0.0033  0.001000
epoch:204 0.9440  1.0000  0.9798  -1.0000  0.9440  0.9560  1.0000  0.9800  -1.0000  0.9560  0.0033  0.001000
epoch:205 0.9496  1.0000  0.9900  -1.0000  0.9496  0.9590  1.0000  0.9900  -1.0000  0.9590  0.0031  0.001000
epoch:206 0.9475  1.0000  0.9789  -1.0000  0.9475  0.9590  1.0000  0.9800  -1.0000  0.9590  0.0031  0.001000
epoch:207 0.9488  1.0000  0.9784  -1.0000  0.9488  0.9570  1.0000  0.9800  -1.0000  0.9570  0.0029  0.001000
epoch:208 0.9455  1.0000  0.9784  -1.0000  0.9455  0.9580  1.0000  0.9800  -1.0000  0.9580  0.0029  0.001000
epoch:209 0.9558  1.0000  0.9635  -1.0000  0.9558  0.9650  1.0000  0.9700  -1.0000  0.9650  0.0030  0.001000
epoch:210 0.9569  1.0000  0.9779  -1.0000  0.9569  0.9660  1.0000  0.9800  -1.0000  0.9660  0.0028  0.001000
epoch:211 0.9480  1.0000  0.9901  -1.0000  0.9480  0.9570  1.0000  0.9900  -1.0000  0.9570  0.0028  0.001000
epoch:212 0.9468  1.0000  0.9684  -1.0000  0.9468  0.9560  1.0000  0.9700  -1.0000  0.9560  0.0027  0.001000
epoch:213 0.9525  0.9900  0.9900  -1.0000  0.9525  0.9610  0.9900  0.9900  -1.0000  0.9610  0.0028  0.001000
epoch:214 0.9468  1.0000  0.9900  -1.0000  0.9468  0.9600  1.0000  0.9900  -1.0000  0.9600  0.0029  0.001000
epoch:215 0.9427  1.0000  0.9795  -1.0000  0.9427  0.9600  1.0000  0.9800  -1.0000  0.9600  0.0027  0.001000
epoch:216 0.9473  0.9899  0.9795  -1.0000  0.9473  0.9590  0.9900  0.9800  -1.0000  0.9590  0.0026  0.001000
epoch:217 0.9444  0.9901  0.9798  -1.0000  0.9444  0.9590  0.9900  0.9800  -1.0000  0.9590  0.0027  0.001000
epoch:218 0.9470  0.9901  0.9694  -1.0000  0.9470  0.9530  0.9900  0.9700  -1.0000  0.9530  0.0028  0.001000
epoch:219 0.9484  1.0000  0.9784  -1.0000  0.9484  0.9610  1.0000  0.9800  -1.0000  0.9610  0.0028  0.001000
epoch:220 0.9564  1.0000  0.9796  -1.0000  0.9564  0.9640  1.0000  0.9800  -1.0000  0.9640  0.0028  0.001000
epoch:221 0.9440  0.9901  0.9702  -1.0000  0.9440  0.9540  0.9900  0.9700  -1.0000  0.9540  0.0027  0.001000
epoch:222 0.9428  1.0000  0.9773  -1.0000  0.9428  0.9560  1.0000  0.9800  -1.0000  0.9560  0.0029  0.001000
epoch:223 0.9558  1.0000  0.9797  -1.0000  0.9558  0.9630  1.0000  0.9800  -1.0000  0.9630  0.0028  0.001000
epoch:224 0.9421  1.0000  0.9801  -1.0000  0.9421  0.9550  1.0000  0.9800  -1.0000  0.9550  0.0027  0.001000
epoch:225 0.9440  1.0000  0.9793  -1.0000  0.9440  0.9520  1.0000  0.9800  -1.0000  0.9520  0.0028  0.001000
epoch:226 0.9426  1.0000  0.9802  -1.0000  0.9426  0.9540  1.0000  0.9800  -1.0000  0.9540  0.0027  0.001000
epoch:227 0.9476  1.0000  0.9794  -1.0000  0.9476  0.9620  1.0000  0.9800  -1.0000  0.9620  0.0028  0.001000
epoch:228 0.9462  1.0000  0.9901  -1.0000  0.9462  0.9610  1.0000  0.9900  -1.0000  0.9610  0.0027  0.001000
epoch:229 0.9537  1.0000  0.9801  -1.0000  0.9537  0.9630  1.0000  0.9800  -1.0000  0.9630  0.0027  0.001000
epoch:230 0.9594  1.0000  0.9797  -1.0000  0.9594  0.9660  1.0000  0.9800  -1.0000  0.9660  0.0027  0.001000
epoch:231 0.9506  1.0000  0.9620  -1.0000  0.9506  0.9640  1.0000  0.9700  -1.0000  0.9640  0.0026  0.001000
epoch:232 0.9605  1.0000  0.9797  -1.0000  0.9605  0.9680  1.0000  0.9800  -1.0000  0.9680  0.0027  0.001000
epoch:233 0.9509  1.0000  0.9793  -1.0000  0.9509  0.9590  1.0000  0.9800  -1.0000  0.9590  0.0027  0.001000
epoch:234 0.9544  1.0000  0.9796  -1.0000  0.9544  0.9630  1.0000  0.9800  -1.0000  0.9630  0.0029  0.001000
epoch:235 0.9505  1.0000  0.9793  -1.0000  0.9505  0.9610  1.0000  0.9800  -1.0000  0.9610  0.0027  0.001000
epoch:236 0.9538  1.0000  0.9901  -1.0000  0.9538  0.9670  1.0000  0.9900  -1.0000  0.9670  0.0027  0.001000
epoch:237 0.9446  1.0000  0.9800  -1.0000  0.9446  0.9590  1.0000  0.9800  -1.0000  0.9590  0.0026  0.001000
epoch:238 0.9421  1.0000  0.9788  -1.0000  0.9421  0.9570  1.0000  0.9800  -1.0000  0.9570  0.0029  0.001000
epoch:239 0.9514  1.0000  0.9796  -1.0000  0.9514  0.9620  1.0000  0.9800  -1.0000  0.9620  0.0028  0.001000
epoch:240 0.9435  1.0000  0.9901  -1.0000  0.9435  0.9580  1.0000  0.9900  -1.0000  0.9580  0.0029  0.001000
epoch:241 0.9457  1.0000  0.9614  -1.0000  0.9457  0.9580  1.0000  0.9700  -1.0000  0.9580  0.0028  0.001000
epoch:242 0.9466  1.0000  0.9771  -1.0000  0.9466  0.9570  1.0000  0.9800  -1.0000  0.9570  0.0027  0.001000
epoch:243 0.9472  0.9900  0.9796  -1.0000  0.9472  0.9580  0.9900  0.9800  -1.0000  0.9580  0.0029  0.001000
epoch:244 0.9355  1.0000  0.9790  -1.0000  0.9355  0.9530  1.0000  0.9800  -1.0000  0.9530  0.0028  0.001000
epoch:245 0.9535  1.0000  0.9797  -1.0000  0.9535  0.9620  1.0000  0.9800  -1.0000  0.9620  0.0029  0.001000
epoch:246 0.9585  1.0000  0.9785  -1.0000  0.9585  0.9670  1.0000  0.9800  -1.0000  0.9670  0.0027  0.001000
epoch:247 0.9595  1.0000  0.9894  -1.0000  0.9595  0.9680  1.0000  0.9900  -1.0000  0.9680  0.0027  0.001000
epoch:248 0.9602  1.0000  0.9796  -1.0000  0.9602  0.9670  1.0000  0.9800  -1.0000  0.9670  0.0027  0.001000
epoch:249 0.9509  1.0000  0.9797  -1.0000  0.9509  0.9590  1.0000  0.9800  -1.0000  0.9590  0.0026  0.001000
epoch:250 0.9580  1.0000  0.9797  -1.0000  0.9580  0.9640  1.0000  0.9800  -1.0000  0.9640  0.0024  0.000100
epoch:251 0.9557  1.0000  0.9798  -1.0000  0.9557  0.9630  1.0000  0.9800  -1.0000  0.9630  0.0023  0.000100
epoch:252 0.9588  1.0000  0.9792  -1.0000  0.9588  0.9670  1.0000  0.9800  -1.0000  0.9670  0.0023  0.000100
epoch:253 0.9624  1.0000  0.9901  -1.0000  0.9624  0.9700  1.0000  0.9900  -1.0000  0.9700  0.0022  0.000100
epoch:254 0.9585  1.0000  0.9796  -1.0000  0.9585  0.9670  1.0000  0.9800  -1.0000  0.9670  0.0023  0.000100
epoch:255 0.9669  1.0000  0.9793  -1.0000  0.9669  0.9710  1.0000  0.9800  -1.0000  0.9710  0.0022  0.000100
epoch:256 0.9592  1.0000  0.9797  -1.0000  0.9592  0.9660  1.0000  0.9800  -1.0000  0.9660  0.0022  0.000100
epoch:257 0.9572  1.0000  0.9791  -1.0000  0.9572  0.9670  1.0000  0.9800  -1.0000  0.9670  0.0021  0.000100
epoch:258 0.9621  1.0000  0.9797  -1.0000  0.9621  0.9670  1.0000  0.9800  -1.0000  0.9670  0.0022  0.000100
epoch:259 0.9575  1.0000  0.9796  -1.0000  0.9575  0.9640  1.0000  0.9800  -1.0000  0.9640  0.0021  0.000100
epoch:260 0.9646  1.0000  0.9800  -1.0000  0.9646  0.9720  1.0000  0.9800  -1.0000  0.9720  0.0021  0.000100
epoch:261 0.9649  1.0000  0.9797  -1.0000  0.9649  0.9710  1.0000  0.9800  -1.0000  0.9710  0.0021  0.000100
epoch:262 0.9583  1.0000  0.9797  -1.0000  0.9583  0.9680  1.0000  0.9800  -1.0000  0.9680  0.0021  0.000100
epoch:263 0.9591  1.0000  0.9792  -1.0000  0.9591  0.9670  1.0000  0.9800  -1.0000  0.9670  0.0021  0.000100
epoch:264 0.9630  1.0000  0.9901  -1.0000  0.9630  0.9680  1.0000  0.9900  -1.0000  0.9680  0.0022  0.000100
epoch:265 0.9567  1.0000  0.9797  -1.0000  0.9567  0.9660  1.0000  0.9800  -1.0000  0.9660  0.0020  0.000100
epoch:266 0.9545  1.0000  0.9785  -1.0000  0.9545  0.9640  1.0000  0.9800  -1.0000  0.9640  0.0020  0.000100
epoch:267 0.9581  1.0000  0.9901  -1.0000  0.9581  0.9670  1.0000  0.9900  -1.0000  0.9670  0.0020  0.000100
epoch:268 0.9629  1.0000  0.9901  -1.0000  0.9629  0.9710  1.0000  0.9900  -1.0000  0.9710  0.0021  0.000100
epoch:269 0.9585  1.0000  0.9900  -1.0000  0.9585  0.9690  1.0000  0.9900  -1.0000  0.9690  0.0020  0.000100
epoch:270 0.9572  1.0000  0.9793  -1.0000  0.9572  0.9650  1.0000  0.9800  -1.0000  0.9650  0.0020  0.000100
epoch:271 0.9505  1.0000  0.9792  -1.0000  0.9505  0.9610  1.0000  0.9800  -1.0000  0.9610  0.0021  0.000100
epoch:272 0.9562  1.0000  0.9797  -1.0000  0.9562  0.9650  1.0000  0.9800  -1.0000  0.9650  0.0020  0.000100
epoch:273 0.9676  1.0000  0.9901  -1.0000  0.9676  0.9730  1.0000  0.9900  -1.0000  0.9730  0.0020  0.000100
epoch:274 0.9595  1.0000  0.9900  -1.0000  0.9595  0.9690  1.0000  0.9900  -1.0000  0.9690  0.0020  0.000100
epoch:275 0.9545  0.9901  0.9801  -1.0000  0.9545  0.9660  0.9900  0.9800  -1.0000  0.9660  0.0021  0.000100
epoch:276 0.9591  1.0000  0.9796  -1.0000  0.9591  0.9680  1.0000  0.9800  -1.0000  0.9680  0.0020  0.000100
epoch:277 0.9509  1.0000  0.9802  -1.0000  0.9509  0.9620  1.0000  0.9800  -1.0000  0.9620  0.0020  0.000100
epoch:278 0.9564  1.0000  0.9795  -1.0000  0.9564  0.9650  1.0000  0.9800  -1.0000  0.9650  0.0020  0.000100
epoch:279 0.9585  1.0000  0.9795  -1.0000  0.9585  0.9670  1.0000  0.9800  -1.0000  0.9670  0.0020  0.000100
epoch:280 0.9674  1.0000  0.9901  -1.0000  0.9674  0.9720  1.0000  0.9900  -1.0000  0.9720  0.0020  0.000100
epoch:281 0.9578  1.0000  0.9901  -1.0000  0.9578  0.9660  1.0000  0.9900  -1.0000  0.9660  0.0019  0.000100
epoch:282 0.9599  1.0000  0.9901  -1.0000  0.9599  0.9680  1.0000  0.9900  -1.0000  0.9680  0.0020  0.000100
epoch:283 0.9534  1.0000  0.9796  -1.0000  0.9534  0.9620  1.0000  0.9800  -1.0000  0.9620  0.0019  0.000100
epoch:284 0.9573  1.0000  0.9901  -1.0000  0.9573  0.9670  1.0000  0.9900  -1.0000  0.9670  0.0020  0.000100
epoch:285 0.9602  1.0000  0.9796  -1.0000  0.9602  0.9680  1.0000  0.9800  -1.0000  0.9680  0.0020  0.000100
epoch:286 0.9676  1.0000  0.9800  -1.0000  0.9676  0.9740  1.0000  0.9800  -1.0000  0.9740  0.0019  0.000100
epoch:287 0.9652  1.0000  0.9901  -1.0000  0.9652  0.9720  1.0000  0.9900  -1.0000  0.9720  0.0019  0.000100
epoch:288 0.9594  1.0000  0.9901  -1.0000  0.9594  0.9670  1.0000  0.9900  -1.0000  0.9670  0.0019  0.000100
epoch:289 0.9647  1.0000  0.9900  -1.0000  0.9647  0.9730  1.0000  0.9900  -1.0000  0.9730  0.0019  0.000100
epoch:290 0.9561  1.0000  0.9794  -1.0000  0.9561  0.9660  1.0000  0.9800  -1.0000  0.9660  0.0019  0.000100
epoch:291 0.9633  1.0000  0.9792  -1.0000  0.9633  0.9690  1.0000  0.9800  -1.0000  0.9690  0.0019  0.000100
epoch:292 0.9633  1.0000  0.9798  -1.0000  0.9633  0.9690  1.0000  0.9800  -1.0000  0.9690  0.0020  0.000100
epoch:293 0.9560  1.0000  0.9795  -1.0000  0.9560  0.9660  1.0000  0.9800  -1.0000  0.9660  0.0020  0.000100
epoch:294 0.9532  1.0000  0.9797  -1.0000  0.9532  0.9640  1.0000  0.9800  -1.0000  0.9640  0.0019  0.000100
epoch:295 0.9598  1.0000  0.9900  -1.0000  0.9598  0.9670  1.0000  0.9900  -1.0000  0.9670  0.0019  0.000100
epoch:296 0.9582  1.0000  0.9797  -1.0000  0.9582  0.9670  1.0000  0.9800  -1.0000  0.9670  0.0019  0.000100
epoch:297 0.9576  1.0000  0.9800  -1.0000  0.9576  0.9640  1.0000  0.9800  -1.0000  0.9640  0.0019  0.000100
epoch:298 0.9660  1.0000  0.9798  -1.0000  0.9660  0.9710  1.0000  0.9800  -1.0000  0.9710  0.0019  0.000100
epoch:299 0.9614  1.0000  0.9798  -1.0000  0.9614  0.9700  1.0000  0.9800  -1.0000  0.9700  0.0018  0.000100
epoch:300 0.9569  1.0000  0.9796  -1.0000  0.9569  0.9640  1.0000  0.9800  -1.0000  0.9640  0.0018  0.000100
epoch:301 0.9592  1.0000  0.9794  -1.0000  0.9592  0.9680  1.0000  0.9800  -1.0000  0.9680  0.0020  0.000100
epoch:302 0.9631  1.0000  0.9901  -1.0000  0.9631  0.9700  1.0000  0.9900  -1.0000  0.9700  0.0018  0.000100
epoch:303 0.9656  1.0000  0.9797  -1.0000  0.9656  0.9700  1.0000  0.9800  -1.0000  0.9700  0.0019  0.000100
epoch:304 0.9668  1.0000  0.9797  -1.0000  0.9668  0.9710  1.0000  0.9800  -1.0000  0.9710  0.0019  0.000100
epoch:305 0.9560  1.0000  0.9901  -1.0000  0.9560  0.9670  1.0000  0.9900  -1.0000  0.9670  0.0018  0.000100
epoch:306 0.9598  1.0000  0.9800  -1.0000  0.9598  0.9670  1.0000  0.9800  -1.0000  0.9670  0.0019  0.000100
epoch:307 0.9627  1.0000  0.9901  -1.0000  0.9627  0.9700  1.0000  0.9900  -1.0000  0.9700  0.0018  0.000100
epoch:308 0.9620  1.0000  0.9901  -1.0000  0.9620  0.9700  1.0000  0.9900  -1.0000  0.9700  0.0019  0.000100
epoch:309 0.9608  1.0000  0.9794  -1.0000  0.9608  0.9670  1.0000  0.9800  -1.0000  0.9670  0.0019  0.000100
epoch:310 0.9570  1.0000  0.9800  -1.0000  0.9570  0.9650  1.0000  0.9800  -1.0000  0.9650  0.0019  0.000100
epoch:311 0.9618  1.0000  0.9900  -1.0000  0.9618  0.9670  1.0000  0.9900  -1.0000  0.9670  0.0018  0.000100
epoch:312 0.9543  1.0000  0.9900  -1.0000  0.9543  0.9640  1.0000  0.9900  -1.0000  0.9640  0.0018  0.000100
epoch:313 0.9623  1.0000  0.9797  -1.0000  0.9623  0.9690  1.0000  0.9800  -1.0000  0.9690  0.0019  0.000100
epoch:314 0.9617  1.0000  0.9901  -1.0000  0.9617  0.9690  1.0000  0.9900  -1.0000  0.9690  0.0019  0.000100
epoch:315 0.9688  1.0000  0.9798  -1.0000  0.9688  0.9730  1.0000  0.9800  -1.0000  0.9730  0.0019  0.000100
epoch:316 0.9653  1.0000  0.9901  -1.0000  0.9653  0.9700  1.0000  0.9900  -1.0000  0.9700  0.0018  0.000100
epoch:317 0.9575  1.0000  0.9900  -1.0000  0.9575  0.9650  1.0000  0.9900  -1.0000  0.9650  0.0019  0.000100
epoch:318 0.9587  1.0000  0.9900  -1.0000  0.9587  0.9700  1.0000  0.9900  -1.0000  0.9700  0.0018  0.000100
epoch:319 0.9471  1.0000  0.9797  -1.0000  0.9471  0.9610  1.0000  0.9800  -1.0000  0.9610  0.0018  0.000100
epoch:320 0.9574  1.0000  0.9901  -1.0000  0.9574  0.9670  1.0000  0.9900  -1.0000  0.9670  0.0018  0.000100
epoch:321 0.9601  1.0000  0.9901  -1.0000  0.9601  0.9710  1.0000  0.9900  -1.0000  0.9710  0.0018  0.000100
epoch:322 0.9626  1.0000  0.9801  -1.0000  0.9626  0.9700  1.0000  0.9800  -1.0000  0.9700  0.0018  0.000100
epoch:323 0.9594  1.0000  0.9901  -1.0000  0.9594  0.9670  1.0000  0.9900  -1.0000  0.9670  0.0018  0.000100
epoch:324 0.9643  1.0000  0.9901  -1.0000  0.9643  0.9700  1.0000  0.9900  -1.0000  0.9700  0.0018  0.000100
epoch:325 0.9596  1.0000  0.9801  -1.0000  0.9596  0.9650  1.0000  0.9800  -1.0000  0.9650  0.0018  0.000100
epoch:326 0.9555  1.0000  0.9801  -1.0000  0.9555  0.9630  1.0000  0.9800  -1.0000  0.9630  0.0018  0.000100
epoch:327 0.9590  1.0000  0.9901  -1.0000  0.9590  0.9690  1.0000  0.9900  -1.0000  0.9690  0.0018  0.000100
epoch:328 0.9580  1.0000  0.9802  -1.0000  0.9580  0.9670  1.0000  0.9800  -1.0000  0.9670  0.0018  0.000100
epoch:329 0.9613  1.0000  0.9901  -1.0000  0.9613  0.9700  1.0000  0.9900  -1.0000  0.9700  0.0018  0.000100
epoch:330 0.9627  1.0000  0.9901  -1.0000  0.9627  0.9690  1.0000  0.9900  -1.0000  0.9690  0.0019  0.000100
epoch:331 0.9532  1.0000  0.9702  -1.0000  0.9532  0.9610  1.0000  0.9700  -1.0000  0.9610  0.0017  0.000100
epoch:332 0.9604  1.0000  0.9796  -1.0000  0.9604  0.9710  1.0000  0.9800  -1.0000  0.9710  0.0019  0.000100
epoch:333 0.9551  1.0000  0.9901  -1.0000  0.9551  0.9650  1.0000  0.9900  -1.0000  0.9650  0.0019  0.000100
epoch:334 0.9636  1.0000  0.9900  -1.0000  0.9636  0.9710  1.0000  0.9900  -1.0000  0.9710  0.0018  0.000100
epoch:335 0.9635  1.0000  0.9766  -1.0000  0.9635  0.9720  1.0000  0.9800  -1.0000  0.9720  0.0018  0.000100
epoch:336 0.9647  1.0000  0.9796  -1.0000  0.9647  0.9700  1.0000  0.9800  -1.0000  0.9700  0.0018  0.000100
epoch:337 0.9613  1.0000  0.9799  -1.0000  0.9613  0.9670  1.0000  0.9800  -1.0000  0.9670  0.0018  0.000100
epoch:338 0.9547  1.0000  0.9800  -1.0000  0.9547  0.9640  1.0000  0.9800  -1.0000  0.9640  0.0017  0.000100
epoch:339 0.9511  1.0000  0.9670  -1.0000  0.9511  0.9600  1.0000  0.9700  -1.0000  0.9600  0.0018  0.000100
epoch:340 0.9532  1.0000  0.9730  -1.0000  0.9532  0.9650  1.0000  0.9800  -1.0000  0.9650  0.0018  0.000100
epoch:341 0.9502  1.0000  0.9801  -1.0000  0.9502  0.9600  1.0000  0.9800  -1.0000  0.9600  0.0017  0.000100
epoch:342 0.9614  1.0000  0.9901  -1.0000  0.9614  0.9670  1.0000  0.9900  -1.0000  0.9670  0.0018  0.000100
epoch:343 0.9526  1.0000  0.9702  -1.0000  0.9526  0.9600  1.0000  0.9700  -1.0000  0.9600  0.0018  0.000100
epoch:344 0.9546  1.0000  0.9783  -1.0000  0.9546  0.9640  1.0000  0.9800  -1.0000  0.9640  0.0018  0.000100
epoch:345 0.9512  1.0000  0.9797  -1.0000  0.9512  0.9600  1.0000  0.9800  -1.0000  0.9600  0.0017  0.000100
epoch:346 0.9516  1.0000  0.9800  -1.0000  0.9516  0.9630  1.0000  0.9800  -1.0000  0.9630  0.0018  0.000100
epoch:347 0.9627  1.0000  0.9797  -1.0000  0.9627  0.9700  1.0000  0.9800  -1.0000  0.9700  0.0018  0.000100
epoch:348 0.9424  1.0000  0.9662  -1.0000  0.9424  0.9580  1.0000  0.9700  -1.0000  0.9580  0.0017  0.000100
epoch:349 0.9595  1.0000  0.9901  -1.0000  0.9595  0.9680  1.0000  0.9900  -1.0000  0.9680  0.0017  0.000100
epoch:350 0.9476  1.0000  0.9779  -1.0000  0.9476  0.9590  1.0000  0.9800  -1.0000  0.9590  0.0017  0.000100
epoch:351 0.9527  1.0000  0.9799  -1.0000  0.9527  0.9610  1.0000  0.9800  -1.0000  0.9610  0.0017  0.000100
epoch:352 0.9604  1.0000  0.9797  -1.0000  0.9604  0.9660  1.0000  0.9800  -1.0000  0.9660  0.0017  0.000100
epoch:353 0.9460  1.0000  0.9662  -1.0000  0.9460  0.9560  1.0000  0.9700  -1.0000  0.9560  0.0017  0.000100
epoch:354 0.9561  1.0000  0.9794  -1.0000  0.9561  0.9680  1.0000  0.9800  -1.0000  0.9680  0.0017  0.000100
epoch:355 0.9515  1.0000  0.9901  -1.0000  0.9515  0.9640  1.0000  0.9900  -1.0000  0.9640  0.0017  0.000100
epoch:356 0.9664  1.0000  0.9901  -1.0000  0.9664  0.9720  1.0000  0.9900  -1.0000  0.9720  0.0017  0.000100
epoch:357 0.9580  1.0000  0.9800  -1.0000  0.9580  0.9670  1.0000  0.9800  -1.0000  0.9670  0.0017  0.000100
epoch:358 0.9607  1.0000  0.9801  -1.0000  0.9607  0.9680  1.0000  0.9800  -1.0000  0.9680  0.0017  0.000100
epoch:359 0.9540  1.0000  0.9901  -1.0000  0.9540  0.9640  1.0000  0.9900  -1.0000  0.9640  0.0018  0.000100
epoch:360 0.9572  1.0000  0.9798  -1.0000  0.9572  0.9640  1.0000  0.9800  -1.0000  0.9640  0.0017  0.000100
epoch:361 0.9628  1.0000  0.9901  -1.0000  0.9628  0.9680  1.0000  0.9900  -1.0000  0.9680  0.0017  0.000100
epoch:362 0.9530  1.0000  0.9798  -1.0000  0.9530  0.9630  1.0000  0.9800  -1.0000  0.9630  0.0017  0.000100
epoch:363 0.9618  1.0000  0.9794  -1.0000  0.9618  0.9660  1.0000  0.9800  -1.0000  0.9660  0.0017  0.000100
epoch:364 0.9621  1.0000  0.9900  -1.0000  0.9621  0.9690  1.0000  0.9900  -1.0000  0.9690  0.0017  0.000100
epoch:365 0.9574  1.0000  0.9693  -1.0000  0.9574  0.9640  1.0000  0.9700  -1.0000  0.9640  0.0017  0.000100
epoch:366 0.9513  1.0000  0.9901  -1.0000  0.9513  0.9590  1.0000  0.9900  -1.0000  0.9590  0.0017  0.000100
epoch:367 0.9593  1.0000  0.9796  -1.0000  0.9593  0.9680  1.0000  0.9800  -1.0000  0.9680  0.0017  0.000100
epoch:368 0.9669  1.0000  0.9900  -1.0000  0.9669  0.9720  1.0000  0.9900  -1.0000  0.9720  0.0017  0.000100
epoch:369 0.9652  1.0000  0.9796  -1.0000  0.9652  0.9700  1.0000  0.9800  -1.0000  0.9700  0.0017  0.000100
epoch:370 0.9637  1.0000  0.9797  -1.0000  0.9637  0.9690  1.0000  0.9800  -1.0000  0.9690  0.0016  0.000100
epoch:371 0.9593  1.0000  0.9797  -1.0000  0.9593  0.9660  1.0000  0.9800  -1.0000  0.9660  0.0017  0.000100
epoch:372 0.9559  1.0000  0.9796  -1.0000  0.9559  0.9660  1.0000  0.9800  -1.0000  0.9660  0.0017  0.000100
epoch:373 0.9522  1.0000  0.9772  -1.0000  0.9522  0.9630  1.0000  0.9800  -1.0000  0.9630  0.0016  0.000100
epoch:374 0.9647  1.0000  0.9796  -1.0000  0.9647  0.9700  1.0000  0.9800  -1.0000  0.9700  0.0016  0.000100
epoch:375 0.9550  1.0000  0.9800  -1.0000  0.9550  0.9650  1.0000  0.9800  -1.0000  0.9650  0.0017  0.000100
epoch:376 0.9578  1.0000  0.9796  -1.0000  0.9578  0.9660  1.0000  0.9800  -1.0000  0.9660  0.0016  0.000100
epoch:377 0.9608  1.0000  0.9800  -1.0000  0.9608  0.9670  1.0000  0.9800  -1.0000  0.9670  0.0017  0.000100
epoch:378 0.9572  1.0000  0.9901  -1.0000  0.9572  0.9670  1.0000  0.9900  -1.0000  0.9670  0.0016  0.000100
epoch:379 0.9681  1.0000  0.9794  -1.0000  0.9681  0.9710  1.0000  0.9800  -1.0000  0.9710  0.0017  0.000100
epoch:380 0.9576  1.0000  0.9797  -1.0000  0.9576  0.9650  1.0000  0.9800  -1.0000  0.9650  0.0016  0.000100
epoch:381 0.9640  1.0000  0.9900  -1.0000  0.9640  0.9710  1.0000  0.9900  -1.0000  0.9710  0.0017  0.000100
epoch:382 0.9587  1.0000  0.9801  -1.0000  0.9587  0.9670  1.0000  0.9800  -1.0000  0.9670  0.0016  0.000100
epoch:383 0.9495  1.0000  0.9700  -1.0000  0.9495  0.9600  1.0000  0.9700  -1.0000  0.9600  0.0017  0.000100
epoch:384 0.9510  1.0000  0.9901  -1.0000  0.9510  0.9630  1.0000  0.9900  -1.0000  0.9630  0.0017  0.000100
epoch:385 0.9597  1.0000  0.9798  -1.0000  0.9597  0.9660  1.0000  0.9800  -1.0000  0.9660  0.0017  0.000100
epoch:386 0.9600  1.0000  0.9790  -1.0000  0.9600  0.9670  1.0000  0.9800  -1.0000  0.9670  0.0016  0.000100
epoch:387 0.9551  1.0000  0.9700  -1.0000  0.9551  0.9620  1.0000  0.9700  -1.0000  0.9620  0.0016  0.000100
epoch:388 0.9521  1.0000  0.9796  -1.0000  0.9521  0.9620  1.0000  0.9800  -1.0000  0.9620  0.0016  0.000100
epoch:389 0.9471  1.0000  0.9800  -1.0000  0.9471  0.9620  1.0000  0.9800  -1.0000  0.9620  0.0017  0.000100
epoch:390 0.9633  1.0000  0.9900  -1.0000  0.9633  0.9700  1.0000  0.9900  -1.0000  0.9700  0.0017  0.000100
epoch:391 0.9631  1.0000  0.9800  -1.0000  0.9631  0.9690  1.0000  0.9800  -1.0000  0.9690  0.0016  0.000100
epoch:392 0.9660  1.0000  0.9899  -1.0000  0.9660  0.9720  1.0000  0.9900  -1.0000  0.9720  0.0017  0.000100
epoch:393 0.9437  1.0000  0.9696  -1.0000  0.9437  0.9550  1.0000  0.9700  -1.0000  0.9550  0.0016  0.000100
epoch:394 0.9599  1.0000  0.9797  -1.0000  0.9599  0.9650  1.0000  0.9800  -1.0000  0.9650  0.0016  0.000100
epoch:395 0.9615  1.0000  0.9901  -1.0000  0.9615  0.9690  1.0000  0.9900  -1.0000  0.9690  0.0016  0.000100
epoch:396 0.9545  1.0000  0.9797  -1.0000  0.9545  0.9610  1.0000  0.9800  -1.0000  0.9610  0.0016  0.000100
epoch:397 0.9623  1.0000  0.9900  -1.0000  0.9623  0.9680  1.0000  0.9900  -1.0000  0.9680  0.0016  0.000100
epoch:398 0.9584  1.0000  0.9801  -1.0000  0.9584  0.9670  1.0000  0.9800  -1.0000  0.9670  0.0016  0.000100
epoch:399 0.9619  1.0000  0.9802  -1.0000  0.9619  0.9670  1.0000  0.9800  -1.0000  0.9670  0.0016  0.000100
epoch:400 0.9614  1.0000  0.9786  -1.0000  0.9614  0.9660  1.0000  0.9800  -1.0000  0.9660  0.0016  0.000100
epoch:401 0.9599  1.0000  0.9900  -1.0000  0.9599  0.9660  1.0000  0.9900  -1.0000  0.9660  0.0016  0.000100
epoch:402 0.9575  1.0000  0.9900  -1.0000  0.9575  0.9650  1.0000  0.9900  -1.0000  0.9650  0.0016  0.000100
epoch:403 0.9627  1.0000  0.9898  -1.0000  0.9627  0.9710  1.0000  0.9900  -1.0000  0.9710  0.0015  0.000100
epoch:404 0.9545  1.0000  0.9795  -1.0000  0.9545  0.9650  1.0000  0.9800  -1.0000  0.9650  0.0016  0.000100
epoch:405 0.9545  1.0000  0.9798  -1.0000  0.9545  0.9630  1.0000  0.9800  -1.0000  0.9630  0.0015  0.000100
epoch:406 0.9613  1.0000  0.9901  -1.0000  0.9613  0.9680  1.0000  0.9900  -1.0000  0.9680  0.0016  0.000100
epoch:407 0.9578  1.0000  0.9801  -1.0000  0.9578  0.9630  1.0000  0.9800  -1.0000  0.9630  0.0016  0.000100
epoch:408 0.9685  1.0000  0.9900  -1.0000  0.9685  0.9720  1.0000  0.9900  -1.0000  0.9720  0.0016  0.000100
epoch:409 0.9636  1.0000  0.9901  -1.0000  0.9636  0.9700  1.0000  0.9900  -1.0000  0.9700  0.0016  0.000100
epoch:410 0.9553  1.0000  0.9901  -1.0000  0.9553  0.9650  1.0000  0.9900  -1.0000  0.9650  0.0015  0.000100
epoch:411 0.9584  1.0000  0.9900  -1.0000  0.9584  0.9660  1.0000  0.9900  -1.0000  0.9660  0.0015  0.000100
epoch:412 0.9568  1.0000  0.9899  -1.0000  0.9568  0.9630  1.0000  0.9900  -1.0000  0.9630  0.0015  0.000100
epoch:413 0.9533  1.0000  0.9797  -1.0000  0.9533  0.9640  1.0000  0.9800  -1.0000  0.9640  0.0015  0.000100
epoch:414 0.9623  1.0000  0.9901  -1.0000  0.9623  0.9680  1.0000  0.9900  -1.0000  0.9680  0.0016  0.000100
epoch:415 0.9548  1.0000  0.9801  -1.0000  0.9548  0.9650  1.0000  0.9800  -1.0000  0.9650  0.0015  0.000100
epoch:416 0.9636  1.0000  0.9800  -1.0000  0.9636  0.9690  1.0000  0.9800  -1.0000  0.9690  0.0016  0.000100
epoch:417 0.9546  1.0000  0.9797  -1.0000  0.9546  0.9630  1.0000  0.9800  -1.0000  0.9630  0.0015  0.000100
epoch:418 0.9652  1.0000  0.9901  -1.0000  0.9652  0.9710  1.0000  0.9900  -1.0000  0.9710  0.0015  0.000100
epoch:419 0.9607  1.0000  0.9800  -1.0000  0.9607  0.9670  1.0000  0.9800  -1.0000  0.9670  0.0015  0.000100
epoch:420 0.9625  1.0000  0.9773  -1.0000  0.9625  0.9690  1.0000  0.9800  -1.0000  0.9690  0.0016  0.000010
epoch:421 0.9513  1.0000  0.9900  -1.0000  0.9513  0.9620  1.0000  0.9900  -1.0000  0.9620  0.0016  0.000010
epoch:422 0.9607  1.0000  0.9901  -1.0000  0.9607  0.9690  1.0000  0.9900  -1.0000  0.9690  0.0015  0.000010
epoch:423 0.9589  1.0000  0.9796  -1.0000  0.9589  0.9670  1.0000  0.9800  -1.0000  0.9670  0.0015  0.000010
epoch:424 0.9550  1.0000  0.9699  -1.0000  0.9550  0.9640  1.0000  0.9700  -1.0000  0.9640  0.0015  0.000010
epoch:425 0.9544  1.0000  0.9800  -1.0000  0.9544  0.9610  1.0000  0.9800  -1.0000  0.9610  0.0014  0.000010
epoch:426 0.9568  1.0000  0.9802  -1.0000  0.9568  0.9650  1.0000  0.9800  -1.0000  0.9650  0.0015  0.000010
epoch:427 0.9616  1.0000  0.9801  -1.0000  0.9616  0.9700  1.0000  0.9800  -1.0000  0.9700  0.0015  0.000010
epoch:428 0.9602  1.0000  0.9900  -1.0000  0.9602  0.9670  1.0000  0.9900  -1.0000  0.9670  0.0015  0.000010
epoch:429 0.9609  1.0000  0.9901  -1.0000  0.9609  0.9670  1.0000  0.9900  -1.0000  0.9670  0.0015  0.000010
epoch:430 0.9625  1.0000  0.9801  -1.0000  0.9625  0.9670  1.0000  0.9800  -1.0000  0.9670  0.0015  0.000010
epoch:431 0.9589  1.0000  0.9800  -1.0000  0.9589  0.9640  1.0000  0.9800  -1.0000  0.9640  0.0015  0.000010
epoch:432 0.9591  1.0000  0.9900  -1.0000  0.9591  0.9670  1.0000  0.9900  -1.0000  0.9670  0.0015  0.000010
epoch:433 0.9627  1.0000  0.9801  -1.0000  0.9627  0.9700  1.0000  0.9800  -1.0000  0.9700  0.0015  0.000010
epoch:434 0.9644  1.0000  0.9900  -1.0000  0.9644  0.9710  1.0000  0.9900  -1.0000  0.9710  0.0014  0.000010
epoch:435 0.9590  1.0000  0.9801  -1.0000  0.9590  0.9650  1.0000  0.9800  -1.0000  0.9650  0.0015  0.000010
epoch:436 0.9600  1.0000  0.9802  -1.0000  0.9600  0.9660  1.0000  0.9800  -1.0000  0.9660  0.0015  0.000010
epoch:437 0.9532  1.0000  0.9900  -1.0000  0.9532  0.9620  1.0000  0.9900  -1.0000  0.9620  0.0014  0.000010
epoch:438 0.9579  1.0000  0.9776  -1.0000  0.9579  0.9670  1.0000  0.9800  -1.0000  0.9670  0.0014  0.000010
epoch:439 0.9560  1.0000  0.9800  -1.0000  0.9560  0.9640  1.0000  0.9800  -1.0000  0.9640  0.0015  0.000010
epoch:440 0.9523  1.0000  0.9901  -1.0000  0.9523  0.9640  1.0000  0.9900  -1.0000  0.9640  0.0015  0.000010
epoch:441 0.9565  1.0000  0.9900  -1.0000  0.9565  0.9660  1.0000  0.9900  -1.0000  0.9660  0.0015  0.000010
epoch:442 0.9580  1.0000  0.9802  -1.0000  0.9580  0.9620  1.0000  0.9800  -1.0000  0.9620  0.0015  0.000010
epoch:443 0.9484  1.0000  0.9802  -1.0000  0.9484  0.9570  1.0000  0.9800  -1.0000  0.9570  0.0015  0.000010
epoch:444 0.9596  1.0000  0.9700  -1.0000  0.9596  0.9670  1.0000  0.9700  -1.0000  0.9670  0.0015  0.000010
epoch:445 0.9596  1.0000  0.9900  -1.0000  0.9596  0.9660  1.0000  0.9900  -1.0000  0.9660  0.0015  0.000010
epoch:446 0.9667  1.0000  0.9800  -1.0000  0.9667  0.9720  1.0000  0.9800  -1.0000  0.9720  0.0015  0.000010
epoch:447 0.9570  1.0000  0.9703  -1.0000  0.9570  0.9640  1.0000  0.9700  -1.0000  0.9640  0.0014  0.000010
epoch:448 0.9556  1.0000  0.9777  -1.0000  0.9556  0.9660  1.0000  0.9800  -1.0000  0.9660  0.0015  0.000010
epoch:449 0.9678  1.0000  0.9901  -1.0000  0.9678  0.9720  1.0000  0.9900  -1.0000  0.9720  0.0015  0.000010
epoch:450 0.9628  1.0000  0.9800  -1.0000  0.9628  0.9710  1.0000  0.9800  -1.0000  0.9710  0.0014  0.000010
epoch:451 0.9677  1.0000  0.9901  -1.0000  0.9677  0.9730  1.0000  0.9900  -1.0000  0.9730  0.0015  0.000010
epoch:452 0.9537  1.0000  0.9798  -1.0000  0.9537  0.9630  1.0000  0.9800  -1.0000  0.9630  0.0015  0.000010
epoch:453 0.9617  1.0000  0.9900  -1.0000  0.9617  0.9700  1.0000  0.9900  -1.0000  0.9700  0.0015  0.000010
epoch:454 0.9578  1.0000  0.9703  -1.0000  0.9578  0.9640  1.0000  0.9700  -1.0000  0.9640  0.0015  0.000010
epoch:455 0.9614  1.0000  0.9901  -1.0000  0.9614  0.9680  1.0000  0.9900  -1.0000  0.9680  0.0015  0.000010
epoch:456 0.9575  1.0000  0.9899  -1.0000  0.9575  0.9680  1.0000  0.9900  -1.0000  0.9680  0.0015  0.000010
epoch:457 0.9603  1.0000  0.9899  -1.0000  0.9603  0.9660  1.0000  0.9900  -1.0000  0.9660  0.0015  0.000010
epoch:458 0.9541  1.0000  0.9702  -1.0000  0.9541  0.9620  1.0000  0.9700  -1.0000  0.9620  0.0014  0.000010
epoch:459 0.9549  1.0000  0.9901  -1.0000  0.9549  0.9680  1.0000  0.9900  -1.0000  0.9680  0.0015  0.000010
epoch:460 0.9611  1.0000  0.9901  -1.0000  0.9611  0.9670  1.0000  0.9900  -1.0000  0.9670  0.0014  0.000010
epoch:461 0.9648  1.0000  0.9901  -1.0000  0.9648  0.9710  1.0000  0.9900  -1.0000  0.9710  0.0014  0.000010
epoch:462 0.9559  1.0000  0.9793  -1.0000  0.9559  0.9650  1.0000  0.9800  -1.0000  0.9650  0.0015  0.000010
epoch:463 0.9602  1.0000  0.9801  -1.0000  0.9602  0.9670  1.0000  0.9800  -1.0000  0.9670  0.0014  0.000010
epoch:464 0.9652  1.0000  0.9901  -1.0000  0.9652  0.9700  1.0000  0.9900  -1.0000  0.9700  0.0015  0.000010
epoch:465 0.9606  0.9901  0.9680  -1.0000  0.9606  0.9670  0.9900  0.9700  -1.0000  0.9670  0.0015  0.000010
epoch:466 0.9584  1.0000  0.9901  -1.0000  0.9584  0.9690  1.0000  0.9900  -1.0000  0.9690  0.0014  0.000010
epoch:467 0.9582  1.0000  0.9901  -1.0000  0.9582  0.9660  1.0000  0.9900  -1.0000  0.9660  0.0014  0.000010
epoch:468 0.9520  1.0000  0.9799  -1.0000  0.9520  0.9600  1.0000  0.9800  -1.0000  0.9600  0.0015  0.000010
epoch:469 0.9552  1.0000  0.9797  -1.0000  0.9552  0.9630  1.0000  0.9800  -1.0000  0.9630  0.0014  0.000010
epoch:470 0.9564  1.0000  0.9899  -1.0000  0.9564  0.9660  1.0000  0.9900  -1.0000  0.9660  0.0014  0.000010
epoch:471 0.9594  1.0000  0.9900  -1.0000  0.9594  0.9660  1.0000  0.9900  -1.0000  0.9660  0.0014  0.000010
epoch:472 0.9555  1.0000  0.9799  -1.0000  0.9555  0.9650  1.0000  0.9800  -1.0000  0.9650  0.0014  0.000010
epoch:473 0.9575  1.0000  0.9795  -1.0000  0.9575  0.9640  1.0000  0.9800  -1.0000  0.9640  0.0015  0.000010
epoch:474 0.9563  1.0000  0.9795  -1.0000  0.9563  0.9640  1.0000  0.9800  -1.0000  0.9640  0.0014  0.000010
epoch:475 0.9565  1.0000  0.9798  -1.0000  0.9565  0.9650  1.0000  0.9800  -1.0000  0.9650  0.0015  0.000010
epoch:476 0.9530  1.0000  0.9802  -1.0000  0.9530  0.9640  1.0000  0.9800  -1.0000  0.9640  0.0015  0.000010
epoch:477 0.9601  1.0000  0.9900  -1.0000  0.9601  0.9700  1.0000  0.9900  -1.0000  0.9700  0.0014  0.000010
epoch:478 0.9488  1.0000  0.9797  -1.0000  0.9488  0.9610  1.0000  0.9800  -1.0000  0.9610  0.0015  0.000010
epoch:479 0.9565  1.0000  0.9800  -1.0000  0.9565  0.9650  1.0000  0.9800  -1.0000  0.9650  0.0015  0.000010
epoch:480 0.9501  1.0000  0.9901  -1.0000  0.9501  0.9630  1.0000  0.9900  -1.0000  0.9630  0.0014  0.000010
epoch:481 0.9480  1.0000  0.9802  -1.0000  0.9480  0.9610  1.0000  0.9800  -1.0000  0.9610  0.0015  0.000010
epoch:482 0.9579  1.0000  0.9901  -1.0000  0.9579  0.9660  1.0000  0.9900  -1.0000  0.9660  0.0015  0.000010
epoch:483 0.9547  1.0000  0.9901  -1.0000  0.9547  0.9660  1.0000  0.9900  -1.0000  0.9660  0.0015  0.000010
epoch:484 0.9617  1.0000  0.9799  -1.0000  0.9617  0.9690  1.0000  0.9800  -1.0000  0.9690  0.0015  0.000010
epoch:485 0.9541  1.0000  0.9901  -1.0000  0.9541  0.9650  1.0000  0.9900  -1.0000  0.9650  0.0015  0.000010
epoch:486 0.9539  1.0000  0.9901  -1.0000  0.9539  0.9670  1.0000  0.9900  -1.0000  0.9670  0.0014  0.000010
epoch:487 0.9640  1.0000  0.9900  -1.0000  0.9640  0.9710  1.0000  0.9900  -1.0000  0.9710  0.0014  0.000010
epoch:488 0.9511  1.0000  0.9798  -1.0000  0.9511  0.9610  1.0000  0.9800  -1.0000  0.9610  0.0014  0.000010
epoch:489 0.9617  1.0000  0.9796  -1.0000  0.9617  0.9690  1.0000  0.9800  -1.0000  0.9690  0.0014  0.000010
epoch:490 0.9558  1.0000  0.9800  -1.0000  0.9558  0.9630  1.0000  0.9800  -1.0000  0.9630  0.0014  0.000010
epoch:491 0.9618  1.0000  0.9901  -1.0000  0.9618  0.9690  1.0000  0.9900  -1.0000  0.9690  0.0014  0.000010
epoch:492 0.9648  1.0000  0.9901  -1.0000  0.9648  0.9730  1.0000  0.9900  -1.0000  0.9730  0.0014  0.000010
epoch:493 0.9547  1.0000  0.9800  -1.0000  0.9547  0.9640  1.0000  0.9800  -1.0000  0.9640  0.0014  0.000010
epoch:494 0.9583  1.0000  0.9900  -1.0000  0.9583  0.9670  1.0000  0.9900  -1.0000  0.9670  0.0014  0.000010
epoch:495 0.9544  1.0000  0.9800  -1.0000  0.9544  0.9650  1.0000  0.9800  -1.0000  0.9650  0.0014  0.000010
epoch:496 0.9474  1.0000  0.9702  -1.0000  0.9474  0.9570  1.0000  0.9700  -1.0000  0.9570  0.0014  0.000010
epoch:497 0.9591  1.0000  0.9901  -1.0000  0.9591  0.9680  1.0000  0.9900  -1.0000  0.9680  0.0014  0.000010
epoch:498 0.9611  1.0000  0.9901  -1.0000  0.9611  0.9690  1.0000  0.9900  -1.0000  0.9690  0.0013  0.000010
epoch:499 0.9535  1.0000  0.9901  -1.0000  0.9535  0.9650  1.0000  0.9900  -1.0000  0.9650  0.0014  0.000010
epoch:500 0.9639  1.0000  0.9899  -1.0000  0.9639  0.9710  1.0000  0.9900  -1.0000  0.9710  0.0014  0.000010
epoch:501 0.9677  1.0000  0.9900  -1.0000  0.9677  0.9720  1.0000  0.9900  -1.0000  0.9720  0.0014  0.000010
epoch:502 0.9581  1.0000  0.9901  -1.0000  0.9581  0.9680  1.0000  0.9900  -1.0000  0.9680  0.0014  0.000010
epoch:503 0.9548  1.0000  0.9799  -1.0000  0.9548  0.9650  1.0000  0.9800  -1.0000  0.9650  0.0014  0.000010
epoch:504 0.9628  1.0000  0.9794  -1.0000  0.9628  0.9700  1.0000  0.9800  -1.0000  0.9700  0.0014  0.000010
epoch:505 0.9530  1.0000  0.9796  -1.0000  0.9530  0.9620  1.0000  0.9800  -1.0000  0.9620  0.0014  0.000010
epoch:506 0.9560  1.0000  0.9799  -1.0000  0.9560  0.9620  1.0000  0.9800  -1.0000  0.9620  0.0014  0.000010
epoch:507 0.9530  1.0000  0.9900  -1.0000  0.9530  0.9620  1.0000  0.9900  -1.0000  0.9620  0.0014  0.000010
epoch:508 0.9551  1.0000  0.9802  -1.0000  0.9551  0.9630  1.0000  0.9800  -1.0000  0.9630  0.0014  0.000010
epoch:509 0.9648  1.0000  0.9901  -1.0000  0.9648  0.9690  1.0000  0.9900  -1.0000  0.9690  0.0014  0.000010
epoch:510 0.9567  1.0000  0.9801  -1.0000  0.9567  0.9640  1.0000  0.9800  -1.0000  0.9640  0.0014  0.000010
epoch:511 0.9606  1.0000  0.9901  -1.0000  0.9606  0.9670  1.0000  0.9900  -1.0000  0.9670  0.0014  0.000010
epoch:512 0.9526  1.0000  0.9801  -1.0000  0.9526  0.9610  1.0000  0.9800  -1.0000  0.9610  0.0014  0.000010
epoch:513 0.9561  1.0000  0.9900  -1.0000  0.9561  0.9670  1.0000  0.9900  -1.0000  0.9670  0.0014  0.000010
epoch:514 0.9621  1.0000  0.9794  -1.0000  0.9621  0.9690  1.0000  0.9800  -1.0000  0.9690  0.0014  0.000010
epoch:515 0.9588  1.0000  0.9900  -1.0000  0.9588  0.9680  1.0000  0.9900  -1.0000  0.9680  0.0014  0.000010
epoch:516 0.9599  1.0000  0.9900  -1.0000  0.9599  0.9670  1.0000  0.9900  -1.0000  0.9670  0.0014  0.000010
epoch:517 0.9560  1.0000  0.9682  -1.0000  0.9560  0.9620  1.0000  0.9700  -1.0000  0.9620  0.0014  0.000010
epoch:518 0.9522  1.0000  0.9700  -1.0000  0.9522  0.9590  1.0000  0.9700  -1.0000  0.9590  0.0014  0.000010
epoch:519 0.9499  1.0000  0.9699  -1.0000  0.9499  0.9580  1.0000  0.9700  -1.0000  0.9580  0.0014  0.000010
epoch:520 0.9614  1.0000  0.9901  -1.0000  0.9614  0.9680  1.0000  0.9900  -1.0000  0.9680  0.0014  0.000010
epoch:521 0.9580  1.0000  0.9802  -1.0000  0.9580  0.9650  1.0000  0.9800  -1.0000  0.9650  0.0014  0.000010
epoch:522 0.9561  1.0000  0.9787  -1.0000  0.9561  0.9660  1.0000  0.9800  -1.0000  0.9660  0.0014  0.000010
epoch:523 0.9475  1.0000  0.9694  -1.0000  0.9475  0.9580  1.0000  0.9700  -1.0000  0.9580  0.0014  0.000010
epoch:524 0.9541  1.0000  0.9699  -1.0000  0.9541  0.9650  1.0000  0.9700  -1.0000  0.9650  0.0014  0.000010
epoch:525 0.9620  1.0000  0.9900  -1.0000  0.9620  0.9700  1.0000  0.9900  -1.0000  0.9700  0.0014  0.000010
epoch:526 0.9593  1.0000  0.9678  -1.0000  0.9593  0.9670  1.0000  0.9700  -1.0000  0.9670  0.0014  0.000010
epoch:527 0.9473  1.0000  0.9698  -1.0000  0.9473  0.9570  1.0000  0.9700  -1.0000  0.9570  0.0014  0.000010
epoch:528 0.9571  1.0000  0.9900  -1.0000  0.9571  0.9670  1.0000  0.9900  -1.0000  0.9670  0.0014  0.000010
epoch:529 0.9589  1.0000  0.9900  -1.0000  0.9589  0.9680  1.0000  0.9900  -1.0000  0.9680  0.0014  0.000010
epoch:530 0.9524  1.0000  0.9900  -1.0000  0.9524  0.9630  1.0000  0.9900  -1.0000  0.9630  0.0014  0.000010
epoch:531 0.9509  1.0000  0.9772  -1.0000  0.9509  0.9620  1.0000  0.9800  -1.0000  0.9620  0.0014  0.000010
epoch:532 0.9602  1.0000  0.9800  -1.0000  0.9602  0.9660  1.0000  0.9800  -1.0000  0.9660  0.0014  0.000010
epoch:533 0.9539  1.0000  0.9699  -1.0000  0.9539  0.9620  1.0000  0.9700  -1.0000  0.9620  0.0014  0.000010
epoch:534 0.9521  1.0000  0.9796  -1.0000  0.9521  0.9630  1.0000  0.9800  -1.0000  0.9630  0.0014  0.000010
epoch:535 0.9572  1.0000  0.9901  -1.0000  0.9572  0.9660  1.0000  0.9900  -1.0000  0.9660  0.0014  0.000010
epoch:536 0.9518  1.0000  0.9797  -1.0000  0.9518  0.9600  1.0000  0.9800  -1.0000  0.9600  0.0014  0.000010
epoch:537 0.9548  1.0000  0.9900  -1.0000  0.9548  0.9640  1.0000  0.9900  -1.0000  0.9640  0.0014  0.000010
epoch:538 0.9611  1.0000  0.9800  -1.0000  0.9611  0.9670  1.0000  0.9800  -1.0000  0.9670  0.0014  0.000010
epoch:539 0.9533  1.0000  0.9795  -1.0000  0.9533  0.9630  1.0000  0.9800  -1.0000  0.9630  0.0014  0.000010
epoch:540 0.9542  1.0000  0.9796  -1.0000  0.9542  0.9620  1.0000  0.9800  -1.0000  0.9620  0.0014  0.000010
epoch:541 0.9642  1.0000  0.9799  -1.0000  0.9642  0.9700  1.0000  0.9800  -1.0000  0.9700  0.0014  0.000010
epoch:542 0.9647  1.0000  0.9900  -1.0000  0.9647  0.9730  1.0000  0.9900  -1.0000  0.9730  0.0014  0.000010
epoch:543 0.9491  1.0000  0.9694  -1.0000  0.9491  0.9580  1.0000  0.9700  -1.0000  0.9580  0.0014  0.000010
epoch:544 0.9513  1.0000  0.9799  -1.0000  0.9513  0.9620  1.0000  0.9800  -1.0000  0.9620  0.0014  0.000010
epoch:545 0.9549  1.0000  0.9798  -1.0000  0.9549  0.9650  1.0000  0.9800  -1.0000  0.9650  0.0015  0.000010
epoch:546 0.9589  1.0000  0.9794  -1.0000  0.9589  0.9650  1.0000  0.9800  -1.0000  0.9650  0.0014  0.000010
epoch:547 0.9515  1.0000  0.9794  -1.0000  0.9515  0.9620  1.0000  0.9800  -1.0000  0.9620  0.0014  0.000010
epoch:548 0.9573  1.0000  0.9900  -1.0000  0.9573  0.9680  1.0000  0.9900  -1.0000  0.9680  0.0014  0.000010
epoch:549 0.9620  1.0000  0.9795  -1.0000  0.9620  0.9680  1.0000  0.9800  -1.0000  0.9680  0.0014  0.000010
