epoch:0 0.0098  0.0625  0.0000  -1.0000  0.0098  0.0470  0.2000  0.0000  -1.0000  0.0470  0.3352  0.001000
epoch:1 0.4970  0.9790  0.4861  -1.0000  0.4970  0.5600  0.9800  0.5800  -1.0000  0.5600  0.0232  0.001000
epoch:2 0.7565  0.9757  0.8880  -1.0000  0.7565  0.8020  0.9800  0.9100  -1.0000  0.8020  0.0140  0.001000
epoch:3 0.8131  1.0000  0.9400  -1.0000  0.8131  0.8480  1.0000  0.9500  -1.0000  0.8480  0.0103  0.001000
epoch:4 0.8543  1.0000  0.9691  -1.0000  0.8543  0.8820  1.0000  0.9700  -1.0000  0.8820  0.0088  0.001000
epoch:5 0.8694  1.0000  0.9587  -1.0000  0.8694  0.8940  1.0000  0.9600  -1.0000  0.8940  0.0076  0.001000
epoch:6 0.8325  1.0000  0.9585  -1.0000  0.8325  0.8670  1.0000  0.9600  -1.0000  0.8670  0.0069  0.001000
epoch:7 0.9054  0.9896  0.9794  -1.0000  0.9054  0.9250  0.9900  0.9800  -1.0000  0.9250  0.0065  0.001000
epoch:8 0.8910  0.9896  0.9896  -1.0000  0.8910  0.9160  0.9900  0.9900  -1.0000  0.9160  0.0062  0.001000
epoch:9 0.9033  0.9898  0.9665  -1.0000  0.9033  0.9200  0.9900  0.9700  -1.0000  0.9200  0.0059  0.001000
