epoch:0 0.0000  0.0000  0.0000  -1.0000  0.0000  0.0000  0.0000  0.0000  -1.0000  0.0000  220.5237  161.5618  453.0982  540.3774  0.4063  0.001000
epoch:1 0.0721  0.2542  0.0204  -1.0000  0.0721  0.1510  0.4700  0.0300  -1.0000  0.1510  68.3124  73.1498  36.1490  75.4936  0.0224  0.001000
epoch:2 0.2723  0.8071  0.1111  -1.0000  0.2723  0.3890  0.8800  0.2900  -1.0000  0.3890  50.6992  35.1601  18.5821  26.4227  0.0171  0.001000
epoch:3 0.5460  0.9901  0.5235  -1.0000  0.5460  0.6150  0.9900  0.6400  -1.0000  0.6150  30.4764  22.1466  17.4094  23.8145  0.0128  0.001000
epoch:4 0.5799  0.9501  0.6742  -1.0000  0.5799  0.6710  0.9700  0.8000  -1.0000  0.6710  32.9486  21.7281  14.3900  19.8595  0.0105  0.001000
epoch:5 0.7417  0.9796  0.8830  -1.0000  0.7417  0.7860  0.9800  0.9100  -1.0000  0.7860  19.8021  15.8506  12.1980  16.7563  0.0084  0.001000
epoch:6 0.7434  0.9790  0.8960  -1.0000  0.7434  0.8020  0.9800  0.9200  -1.0000  0.8020  18.4085  16.2834  13.5675  18.2122  0.0074  0.001000
epoch:7 0.8256  1.0000  0.9225  -1.0000  0.8256  0.8650  1.0000  0.9500  -1.0000  0.8650  13.2816  14.0521  12.9808  16.9954  0.0063  0.001000
epoch:8 0.8493  0.9900  0.9532  -1.0000  0.8493  0.8780  0.9900  0.9600  -1.0000  0.8780  12.8157  13.6075  11.5861  15.7821  0.0059  0.001000
epoch:9 0.8452  0.9900  0.9900  -1.0000  0.8452  0.8820  0.9900  0.9900  -1.0000  0.8820  12.4597  13.1593  12.7662  14.9327  0.0055  0.001000
epoch:10 0.8684  0.9900  0.9556  -1.0000  0.8684  0.8980  0.9900  0.9600  -1.0000  0.8980  11.9374  12.0091  11.2922  14.3667  0.0050  0.001000
epoch:11 0.8760  0.9899  0.9762  -1.0000  0.8760  0.9060  0.9900  0.9800  -1.0000  0.9060  12.6798  10.5362  11.0349  13.7932  0.0050  0.001000
epoch:12 0.8733  0.9896  0.9558  -1.0000  0.8733  0.8990  0.9900  0.9600  -1.0000  0.8990  13.5649  11.1169  10.5147  15.9006  0.0049  0.001000
epoch:13 0.8815  1.0000  0.9771  -1.0000  0.8815  0.9100  1.0000  0.9800  -1.0000  0.9100  11.1404  11.4026  12.9970  15.8959  0.0047  0.001000
epoch:14 0.8674  1.0000  0.9692  -1.0000  0.8674  0.9040  1.0000  0.9700  -1.0000  0.9040  11.7890  11.8994  12.6879  15.1731  0.0043  0.001000
epoch:15 0.8764  1.0000  0.9778  -1.0000  0.8764  0.9040  1.0000  0.9800  -1.0000  0.9040  12.3026  11.4288  10.9089  12.7653  0.0042  0.001000
epoch:16 0.8969  1.0000  0.9669  -1.0000  0.8969  0.9220  1.0000  0.9700  -1.0000  0.9220  10.1966  10.6911  11.5196  12.7034  0.0041  0.001000
epoch:17 0.9012  0.9901  0.9758  -1.0000  0.9012  0.9270  0.9900  0.9800  -1.0000  0.9270  10.5289  9.6556  12.1425  14.9343  0.0041  0.001000
epoch:18 0.9105  1.0000  0.9771  -1.0000  0.9105  0.9330  1.0000  0.9800  -1.0000  0.9330  9.9438  10.3693  12.8783  15.4195  0.0039  0.001000
epoch:19 0.9066  1.0000  0.9772  -1.0000  0.9066  0.9320  1.0000  0.9800  -1.0000  0.9320  10.7264  9.8996  11.7684  12.8641  0.0040  0.001000
epoch:20 0.9009  0.9900  0.9900  -1.0000  0.9009  0.9250  0.9900  0.9900  -1.0000  0.9250  10.5463  10.2851  11.8416  13.6253  0.0039  0.001000
epoch:21 0.9175  0.9900  0.9789  -1.0000  0.9175  0.9360  0.9900  0.9800  -1.0000  0.9360  9.8429  9.3151  11.2857  13.6827  0.0036  0.001000
epoch:22 0.9111  0.9901  0.9793  -1.0000  0.9111  0.9350  0.9900  0.9800  -1.0000  0.9350  10.5428  10.0194  11.3561  13.9107  0.0035  0.001000
epoch:23 0.9149  1.0000  0.9773  -1.0000  0.9149  0.9340  1.0000  0.9800  -1.0000  0.9340  9.6240  11.5890  12.8013  12.4104  0.0037  0.001000
epoch:24 0.9175  1.0000  0.9798  -1.0000  0.9175  0.9370  1.0000  0.9800  -1.0000  0.9370  9.2292  9.8860  12.7506  14.7888  0.0036  0.001000
epoch:25 0.9203  1.0000  0.9796  -1.0000  0.9203  0.9410  1.0000  0.9800  -1.0000  0.9410  8.9143  10.2337  11.2126  11.7438  0.0034  0.001000
epoch:26 0.9182  0.9899  0.9688  -1.0000  0.9182  0.9340  0.9900  0.9700  -1.0000  0.9340  9.1336  9.7669  13.6982  13.3437  0.0034  0.001000
epoch:27 0.9099  0.9900  0.9770  -1.0000  0.9099  0.9310  0.9900  0.9800  -1.0000  0.9310  10.5525  10.6338  10.8401  12.7420  0.0034  0.001000
epoch:28 0.9159  1.0000  0.9780  -1.0000  0.9159  0.9350  1.0000  0.9800  -1.0000  0.9350  9.4070  10.0107  10.1716  13.1807  0.0033  0.001000
epoch:29 0.9280  1.0000  0.9776  -1.0000  0.9280  0.9460  1.0000  0.9800  -1.0000  0.9460  8.6215  9.8322  10.3670  13.2567  0.0033  0.001000
epoch:30 0.9361  1.0000  0.9696  -1.0000  0.9361  0.9510  1.0000  0.9700  -1.0000  0.9510  8.5161  8.9454  10.6739  12.2685  0.0031  0.001000
epoch:31 0.9443  1.0000  0.9901  -1.0000  0.9443  0.9580  1.0000  0.9900  -1.0000  0.9580  8.4529  9.0996  11.3599  13.1090  0.0033  0.001000
epoch:32 0.9351  1.0000  0.9891  -1.0000  0.9351  0.9510  1.0000  0.9900  -1.0000  0.9510  8.4401  8.9031  14.0293  13.0803  0.0031  0.001000
epoch:33 0.9311  1.0000  0.9789  -1.0000  0.9311  0.9460  1.0000  0.9800  -1.0000  0.9460  8.9328  9.2297  10.0730  11.9259  0.0031  0.001000
epoch:34 0.9371  1.0000  0.9789  -1.0000  0.9371  0.9480  1.0000  0.9800  -1.0000  0.9480  8.9669  8.9510  11.9656  13.9829  0.0031  0.001000
epoch:35 0.9326  1.0000  0.9785  -1.0000  0.9326  0.9480  1.0000  0.9800  -1.0000  0.9480  8.2616  10.2760  10.1448  12.6745  0.0031  0.001000
epoch:36 0.9399  0.9901  0.9901  -1.0000  0.9399  0.9530  0.9900  0.9900  -1.0000  0.9530  8.3893  9.0085  10.1081  13.0535  0.0030  0.001000
epoch:37 0.9282  1.0000  0.9900  -1.0000  0.9282  0.9470  1.0000  0.9900  -1.0000  0.9470  8.1342  10.0879  12.6638  14.8811  0.0030  0.001000
epoch:38 0.9438  1.0000  0.9900  -1.0000  0.9438  0.9570  1.0000  0.9900  -1.0000  0.9570  8.4708  8.8415  10.4422  10.9818  0.0030  0.001000
epoch:39 0.9326  1.0000  0.9747  -1.0000  0.9326  0.9490  1.0000  0.9800  -1.0000  0.9490  9.0653  9.5927  10.1099  11.2655  0.0031  0.001000
epoch:40 0.9368  1.0000  0.9783  -1.0000  0.9368  0.9500  1.0000  0.9800  -1.0000  0.9500  9.2315  8.7708  10.9205  12.2347  0.0031  0.001000
epoch:41 0.9215  1.0000  0.9783  -1.0000  0.9215  0.9400  1.0000  0.9800  -1.0000  0.9400  8.8001  9.3555  12.5645  16.0203  0.0029  0.001000
epoch:42 0.9340  1.0000  0.9788  -1.0000  0.9340  0.9500  1.0000  0.9800  -1.0000  0.9500  8.4999  9.4215  9.9765  10.8647  0.0029  0.001000
epoch:43 0.9423  0.9898  0.9780  -1.0000  0.9423  0.9550  0.9900  0.9800  -1.0000  0.9550  8.6468  8.8020  10.1925  12.0109  0.0031  0.001000
epoch:44 0.9388  1.0000  0.9895  -1.0000  0.9388  0.9520  1.0000  0.9900  -1.0000  0.9520  8.2791  9.1844  10.1534  12.2819  0.0028  0.001000
epoch:45 0.9242  1.0000  0.9802  -1.0000  0.9242  0.9390  1.0000  0.9800  -1.0000  0.9390  9.6839  10.8971  10.8240  12.9144  0.0030  0.001000
epoch:46 0.9391  1.0000  0.9698  -1.0000  0.9391  0.9500  1.0000  0.9700  -1.0000  0.9500  9.3241  9.9472  11.8162  14.5119  0.0028  0.001000
epoch:47 0.9350  1.0000  0.9898  -1.0000  0.9350  0.9470  1.0000  0.9900  -1.0000  0.9470  8.5244  9.2186  10.1875  12.8466  0.0029  0.001000
epoch:48 0.9432  0.9900  0.9802  -1.0000  0.9432  0.9520  0.9900  0.9800  -1.0000  0.9520  9.7839  8.4566  12.5313  12.4967  0.0030  0.001000
epoch:49 0.9361  1.0000  0.9784  -1.0000  0.9361  0.9480  1.0000  0.9800  -1.0000  0.9480  9.6286  9.3128  11.0977  11.4384  0.0030  0.001000
epoch:50 0.9436  1.0000  0.9771  -1.0000  0.9436  0.9540  1.0000  0.9800  -1.0000  0.9540  8.8174  8.6497  10.9388  12.3514  0.0029  0.001000
epoch:51 0.9397  1.0000  0.9778  -1.0000  0.9397  0.9540  1.0000  0.9800  -1.0000  0.9540  9.6958  8.8963  10.1061  10.4462  0.0028  0.001000
epoch:52 0.9420  1.0000  0.9793  -1.0000  0.9420  0.9560  1.0000  0.9800  -1.0000  0.9560  8.9708  9.4213  10.4742  13.3378  0.0028  0.001000
epoch:53 0.9145  1.0000  0.9785  -1.0000  0.9145  0.9340  1.0000  0.9800  -1.0000  0.9340  10.2415  10.8103  10.2824  14.1543  0.0028  0.001000
epoch:54 0.9374  0.9896  0.9780  -1.0000  0.9374  0.9540  0.9900  0.9800  -1.0000  0.9540  8.7113  9.2672  11.7288  12.7871  0.0028  0.001000
epoch:55 0.9380  1.0000  0.9788  -1.0000  0.9380  0.9540  1.0000  0.9800  -1.0000  0.9540  8.3277  9.7848  10.2485  12.0109  0.0027  0.001000
epoch:56 0.9398  0.9901  0.9784  -1.0000  0.9398  0.9500  0.9900  0.9800  -1.0000  0.9500  8.9529  8.9774  11.2787  12.3511  0.0027  0.001000
epoch:57 0.9370  1.0000  0.9788  -1.0000  0.9370  0.9510  1.0000  0.9800  -1.0000  0.9510  8.4117  8.7824  12.7329  14.0291  0.0026  0.001000
epoch:58 0.9466  1.0000  0.9784  -1.0000  0.9466  0.9600  1.0000  0.9800  -1.0000  0.9600  8.0707  8.4989  13.3487  12.9358  0.0026  0.001000
epoch:59 0.9403  1.0000  0.9786  -1.0000  0.9403  0.9530  1.0000  0.9800  -1.0000  0.9530  8.8463  8.7688  10.2135  9.7566  0.0027  0.001000
epoch:60 0.9381  1.0000  0.9788  -1.0000  0.9381  0.9520  1.0000  0.9800  -1.0000  0.9520  8.3162  9.6855  9.8806  10.7666  0.0027  0.001000
epoch:61 0.9351  1.0000  0.9781  -1.0000  0.9351  0.9500  1.0000  0.9800  -1.0000  0.9500  8.9145  8.3273  10.8074  11.8951  0.0027  0.001000
epoch:62 0.9398  1.0000  0.9784  -1.0000  0.9398  0.9510  1.0000  0.9800  -1.0000  0.9510  8.8133  8.6621  11.8818  11.5814  0.0026  0.001000
epoch:63 0.9357  1.0000  0.9901  -1.0000  0.9357  0.9470  1.0000  0.9900  -1.0000  0.9470  8.5051  8.6835  10.2919  17.3904  0.0027  0.001000
epoch:64 0.9346  1.0000  0.9778  -1.0000  0.9346  0.9500  1.0000  0.9800  -1.0000  0.9500  8.7401  9.7294  9.6488  12.8180  0.0028  0.001000
epoch:65 0.9336  1.0000  0.9787  -1.0000  0.9336  0.9470  1.0000  0.9800  -1.0000  0.9470  8.9035  10.0876  9.9565  11.6113  0.0026  0.001000
epoch:66 0.9505  1.0000  0.9790  -1.0000  0.9505  0.9590  1.0000  0.9800  -1.0000  0.9590  8.6893  8.8597  11.7903  11.9689  0.0026  0.001000
epoch:67 0.9342  0.9900  0.9794  -1.0000  0.9342  0.9470  0.9900  0.9800  -1.0000  0.9470  8.3741  9.4451  10.0668  11.4493  0.0027  0.001000
epoch:68 0.9410  0.9901  0.9793  -1.0000  0.9410  0.9550  0.9900  0.9800  -1.0000  0.9550  8.5661  8.9947  9.8269  10.7255  0.0026  0.001000
epoch:69 0.9432  1.0000  0.9781  -1.0000  0.9432  0.9510  1.0000  0.9800  -1.0000  0.9510  8.6516  8.9608  10.2913  11.5749  0.0026  0.001000
epoch:70 0.9243  1.0000  0.9736  -1.0000  0.9243  0.9460  1.0000  0.9800  -1.0000  0.9460  9.1290  8.6267  13.2299  15.1325  0.0027  0.001000
epoch:71 0.9335  1.0000  0.9785  -1.0000  0.9335  0.9490  1.0000  0.9800  -1.0000  0.9490  8.8003  9.7675  10.0208  10.2147  0.0025  0.001000
epoch:72 0.9417  1.0000  0.9767  -1.0000  0.9417  0.9550  1.0000  0.9800  -1.0000  0.9550  8.5596  8.4335  10.7288  10.8446  0.0027  0.001000
epoch:73 0.9469  1.0000  0.9901  -1.0000  0.9469  0.9600  1.0000  0.9900  -1.0000  0.9600  8.3389  8.2647  10.5691  12.7127  0.0026  0.001000
epoch:74 0.9310  1.0000  0.9782  -1.0000  0.9310  0.9480  1.0000  0.9800  -1.0000  0.9480  8.5784  10.1141  9.8355  10.5395  0.0026  0.001000
epoch:75 0.9428  1.0000  0.9790  -1.0000  0.9428  0.9530  1.0000  0.9800  -1.0000  0.9530  8.2880  8.8986  10.1803  10.6334  0.0024  0.000100
epoch:76 0.9550  1.0000  0.9794  -1.0000  0.9550  0.9640  1.0000  0.9800  -1.0000  0.9640  7.8463  8.8741  9.8538  10.6190  0.0022  0.000100
epoch:77 0.9489  1.0000  0.9798  -1.0000  0.9489  0.9610  1.0000  0.9800  -1.0000  0.9610  8.5736  8.9949  10.1104  11.0689  0.0022  0.000100
epoch:78 0.9487  1.0000  0.9790  -1.0000  0.9487  0.9600  1.0000  0.9800  -1.0000  0.9600  7.6372  8.6749  10.6980  10.1576  0.0021  0.000100
epoch:79 0.9492  1.0000  0.9780  -1.0000  0.9492  0.9590  1.0000  0.9800  -1.0000  0.9590  8.0808  8.8364  10.4820  10.9764  0.0020  0.000100
epoch:80 0.9495  1.0000  0.9791  -1.0000  0.9495  0.9600  1.0000  0.9800  -1.0000  0.9600  8.3296  8.6333  10.2376  10.3649  0.0021  0.000100
epoch:81 0.9551  1.0000  0.9782  -1.0000  0.9551  0.9640  1.0000  0.9800  -1.0000  0.9640  8.0034  8.8648  9.7700  10.2380  0.0021  0.000100
epoch:82 0.9550  1.0000  0.9788  -1.0000  0.9550  0.9640  1.0000  0.9800  -1.0000  0.9640  8.0134  8.7103  9.8895  10.9406  0.0020  0.000100
epoch:83 0.9470  0.9901  0.9795  -1.0000  0.9470  0.9600  0.9900  0.9800  -1.0000  0.9600  8.1533  8.0503  10.4435  10.7420  0.0020  0.000100
epoch:84 0.9372  1.0000  0.9781  -1.0000  0.9372  0.9550  1.0000  0.9800  -1.0000  0.9550  8.1594  8.9320  11.0655  11.5972  0.0019  0.000100
epoch:85 0.9449  1.0000  0.9781  -1.0000  0.9449  0.9580  1.0000  0.9800  -1.0000  0.9580  7.7984  8.8780  9.9936  11.0406  0.0020  0.000100
epoch:86 0.9555  0.9901  0.9792  -1.0000  0.9555  0.9650  0.9900  0.9800  -1.0000  0.9650  8.3576  8.3542  9.9189  10.1925  0.0019  0.000100
epoch:87 0.9576  1.0000  0.9797  -1.0000  0.9576  0.9640  1.0000  0.9800  -1.0000  0.9640  8.1679  8.2643  9.7608  10.9214  0.0019  0.000100
epoch:88 0.9520  1.0000  0.9795  -1.0000  0.9520  0.9620  1.0000  0.9800  -1.0000  0.9620  8.1403  8.0788  9.4172  10.6536  0.0019  0.000100
epoch:89 0.9500  1.0000  0.9800  -1.0000  0.9500  0.9600  1.0000  0.9800  -1.0000  0.9600  8.1767  8.8156  9.9604  10.2601  0.0019  0.000100
epoch:90 0.9598  1.0000  0.9800  -1.0000  0.9598  0.9670  1.0000  0.9800  -1.0000  0.9670  8.0512  8.6823  9.6278  9.7890  0.0019  0.000010
epoch:91 0.9634  1.0000  0.9789  -1.0000  0.9634  0.9700  1.0000  0.9800  -1.0000  0.9700  7.4356  8.3167  9.8168  9.8345  0.0018  0.000010
epoch:92 0.9525  1.0000  0.9795  -1.0000  0.9525  0.9610  1.0000  0.9800  -1.0000  0.9610  8.1919  8.3150  10.3562  10.0949  0.0019  0.000010
epoch:93 0.9542  1.0000  0.9798  -1.0000  0.9542  0.9630  1.0000  0.9800  -1.0000  0.9630  8.1849  8.5825  10.3357  10.9121  0.0019  0.000010
epoch:94 0.9565  1.0000  0.9797  -1.0000  0.9565  0.9640  1.0000  0.9800  -1.0000  0.9640  8.1401  8.4597  9.9724  10.2682  0.0018  0.000010
epoch:95 0.9542  1.0000  0.9791  -1.0000  0.9542  0.9650  1.0000  0.9800  -1.0000  0.9650  8.3808  8.1448  9.6572  10.2115  0.0019  0.000010
epoch:96 0.9586  1.0000  0.9792  -1.0000  0.9586  0.9660  1.0000  0.9800  -1.0000  0.9660  7.8189  8.2632  9.8984  10.1314  0.0018  0.000010
epoch:97 0.9550  1.0000  0.9780  -1.0000  0.9550  0.9660  1.0000  0.9800  -1.0000  0.9660  7.9400  8.0074  10.0316  10.4775  0.0019  0.000010
epoch:98 0.9524  1.0000  0.9794  -1.0000  0.9524  0.9610  1.0000  0.9800  -1.0000  0.9610  7.9349  8.3703  10.0078  9.8847  0.0018  0.000010
epoch:99 0.9473  1.0000  0.9785  -1.0000  0.9473  0.9610  1.0000  0.9800  -1.0000  0.9610  8.3784  8.4108  10.6299  10.6357  0.0019  0.000010
epoch:0 0.0000  0.0000  0.0000  -1.0000  0.0000  0.0000  0.0000  0.0000  -1.0000  0.0000  523.3643  103.2369  562.9573  446.3779  0.8533  0.001000
epoch:1 0.0035  0.0188  0.0000  -1.0000  0.0035  0.0280  0.1200  0.0000  -1.0000  0.0280  58.1779  144.6694  109.5690  213.9878  0.0227  0.001000
epoch:2 0.0250  0.1720  0.0005  -1.0000  0.0250  0.0760  0.3800  0.0100  -1.0000  0.0760  65.2977  206.8052  36.1892  61.0250  0.0196  0.001000
epoch:3 0.0869  0.3202  0.0101  -1.0000  0.0871  0.1700  0.4900  0.0600  -1.0000  0.1700  61.9363  117.3024  260.7148  37.3487  0.0165  0.001000
epoch:4 0.2166  0.7144  0.0668  -1.0000  0.2166  0.3370  0.8100  0.2300  -1.0000  0.3370  42.4981  65.3955  14.9679  23.2481  0.0137  0.001000
epoch:5 0.5437  1.0000  0.5206  -1.0000  0.5437  0.6210  1.0000  0.6800  -1.0000  0.6210  27.2434  35.8553  14.8853  20.1927  0.0113  0.001000
epoch:6 0.6297  0.9850  0.7258  -1.0000  0.6297  0.7090  0.9900  0.8300  -1.0000  0.7090  27.0248  17.6966  12.5235  14.7060  0.0094  0.001000
epoch:7 0.6522  0.9606  0.7608  -1.0000  0.6522  0.7380  0.9800  0.8600  -1.0000  0.7380  25.3805  16.9848  12.1578  19.4724  0.0082  0.001000
epoch:8 0.7303  1.0000  0.9025  -1.0000  0.7303  0.7830  1.0000  0.9200  -1.0000  0.7830  18.5116  17.4155  13.5867  16.3527  0.0074  0.001000
epoch:9 0.7715  1.0000  0.9150  -1.0000  0.7715  0.8170  1.0000  0.9400  -1.0000  0.8170  17.0925  14.3430  13.0876  18.5412  0.0067  0.001000
epoch:10 0.7701  0.9900  0.9048  -1.0000  0.7701  0.8220  0.9900  0.9200  -1.0000  0.8220  18.1209  15.3301  13.3201  15.7855  0.0063  0.001000
epoch:11 0.8390  1.0000  0.9562  -1.0000  0.8390  0.8740  1.0000  0.9700  -1.0000  0.8740  13.6917  12.3589  11.6654  14.2495  0.0057  0.001000
epoch:12 0.7684  1.0000  0.8988  -1.0000  0.7684  0.8200  1.0000  0.9300  -1.0000  0.8200  15.0414  16.2694  16.6681  16.8345  0.0054  0.001000
epoch:13 0.8462  1.0000  0.9473  -1.0000  0.8462  0.8850  1.0000  0.9600  -1.0000  0.8850  13.8272  11.7981  10.4703  15.2120  0.0051  0.001000
epoch:14 0.8303  1.0000  0.9638  -1.0000  0.8303  0.8740  1.0000  0.9700  -1.0000  0.8740  14.3765  12.3553  11.5814  15.1766  0.0048  0.001000
epoch:15 0.8477  0.9900  0.9633  -1.0000  0.8477  0.8850  0.9900  0.9700  -1.0000  0.8850  12.8309  12.3565  12.5785  14.1604  0.0048  0.001000
epoch:16 0.8736  0.9899  0.9757  -1.0000  0.8736  0.9050  0.9900  0.9800  -1.0000  0.9050  12.2507  11.2646  10.6204  12.9389  0.0045  0.001000
epoch:17 0.8206  1.0000  0.9258  -1.0000  0.8206  0.8550  1.0000  0.9400  -1.0000  0.8550  15.2494  16.1557  12.1348  14.0841  0.0042  0.001000
epoch:18 0.8563  1.0000  0.9571  -1.0000  0.8563  0.9030  1.0000  0.9700  -1.0000  0.9030  12.1921  11.4399  11.9526  13.4925  0.0043  0.001000
epoch:19 0.8696  1.0000  0.9769  -1.0000  0.8696  0.9050  1.0000  0.9800  -1.0000  0.9050  11.9493  11.1169  12.2423  12.9866  0.0039  0.001000
epoch:20 0.8650  1.0000  0.9533  -1.0000  0.8650  0.8970  1.0000  0.9600  -1.0000  0.8970  12.1470  12.6658  11.4109  14.4384  0.0040  0.001000
epoch:21 0.8594  1.0000  0.9637  -1.0000  0.8594  0.8960  1.0000  0.9700  -1.0000  0.8960  12.0370  11.7714  10.4255  14.6848  0.0040  0.001000
epoch:22 0.8925  1.0000  0.9900  -1.0000  0.8925  0.9240  1.0000  0.9900  -1.0000  0.9240  11.2730  10.6042  9.7644  12.0329  0.0038  0.001000
epoch:23 0.9001  1.0000  0.9661  -1.0000  0.9001  0.9230  1.0000  0.9700  -1.0000  0.9230  9.7991  11.5302  10.2863  12.9178  0.0038  0.001000
epoch:24 0.8949  0.9901  0.9471  -1.0000  0.8949  0.9200  0.9900  0.9600  -1.0000  0.9200  10.1512  11.3110  10.2533  13.7247  0.0037  0.001000
epoch:25 0.9050  1.0000  0.9895  -1.0000  0.9050  0.9290  1.0000  0.9900  -1.0000  0.9290  10.3051  10.6062  10.1013  13.1112  0.0035  0.001000
epoch:26 0.9142  0.9900  0.9797  -1.0000  0.9142  0.9340  0.9900  0.9800  -1.0000  0.9340  9.6842  10.0116  10.6515  12.4365  0.0037  0.001000
epoch:27 0.9043  1.0000  0.9745  -1.0000  0.9043  0.9300  1.0000  0.9800  -1.0000  0.9300  10.3948  9.8000  12.5652  12.4835  0.0034  0.001000
epoch:28 0.9143  1.0000  0.9762  -1.0000  0.9143  0.9350  1.0000  0.9800  -1.0000  0.9350  9.9415  10.4171  10.9964  13.3023  0.0034  0.001000
epoch:29 0.9215  1.0000  0.9783  -1.0000  0.9215  0.9380  1.0000  0.9800  -1.0000  0.9380  9.1829  9.9999  12.7655  15.0350  0.0035  0.001000
epoch:30 0.9163  1.0000  0.9789  -1.0000  0.9163  0.9330  1.0000  0.9800  -1.0000  0.9330  10.1451  9.6639  14.1520  14.8975  0.0034  0.001000
epoch:31 0.9290  0.9901  0.9767  -1.0000  0.9290  0.9440  0.9900  0.9800  -1.0000  0.9440  9.2911  9.1498  10.1330  12.7732  0.0034  0.001000
epoch:32 0.9240  1.0000  0.9694  -1.0000  0.9240  0.9410  1.0000  0.9700  -1.0000  0.9410  9.5273  9.7931  11.0181  12.9914  0.0033  0.001000
epoch:33 0.8962  0.9901  0.9570  -1.0000  0.8962  0.9200  0.9900  0.9600  -1.0000  0.9200  12.2362  10.2193  13.7980  14.4550  0.0032  0.001000
epoch:34 0.9267  1.0000  0.9776  -1.0000  0.9267  0.9410  1.0000  0.9800  -1.0000  0.9410  10.0200  9.8323  11.7680  11.6441  0.0031  0.001000
epoch:35 0.9291  1.0000  0.9779  -1.0000  0.9291  0.9450  1.0000  0.9800  -1.0000  0.9450  9.4578  9.3809  10.4113  15.0031  0.0031  0.001000
epoch:36 0.9265  0.9901  0.9901  -1.0000  0.9265  0.9450  0.9900  0.9900  -1.0000  0.9450  8.2386  10.6504  10.7103  13.0276  0.0033  0.001000
epoch:37 0.9082  1.0000  0.9794  -1.0000  0.9082  0.9250  1.0000  0.9800  -1.0000  0.9250  11.3415  10.8698  10.8815  12.5874  0.0033  0.001000
epoch:38 0.8973  0.9900  0.9572  -1.0000  0.8973  0.9250  0.9900  0.9600  -1.0000  0.9250  10.9169  11.1349  14.5345  16.8455  0.0031  0.001000
epoch:39 0.9250  1.0000  0.9899  -1.0000  0.9250  0.9420  1.0000  0.9900  -1.0000  0.9420  9.1574  9.7752  10.6410  12.9293  0.0030  0.001000
epoch:40 0.9368  1.0000  0.9787  -1.0000  0.9368  0.9480  1.0000  0.9800  -1.0000  0.9480  8.8287  9.0266  11.1811  11.1154  0.0030  0.001000
epoch:41 0.9265  1.0000  0.9789  -1.0000  0.9265  0.9440  1.0000  0.9800  -1.0000  0.9440  8.8905  9.5866  10.7018  13.3671  0.0032  0.001000
epoch:42 0.9443  1.0000  0.9784  -1.0000  0.9443  0.9560  1.0000  0.9800  -1.0000  0.9560  8.4943  8.8877  10.4966  11.0362  0.0029  0.001000
epoch:43 0.9439  0.9901  0.9792  -1.0000  0.9439  0.9540  0.9900  0.9800  -1.0000  0.9540  8.1112  9.4230  11.6541  11.5301  0.0029  0.001000
epoch:44 0.9418  1.0000  0.9789  -1.0000  0.9418  0.9560  1.0000  0.9800  -1.0000  0.9560  8.5196  9.4797  10.3630  11.4787  0.0030  0.001000
epoch:45 0.9345  1.0000  0.9789  -1.0000  0.9345  0.9480  1.0000  0.9800  -1.0000  0.9480  8.4743  9.6124  10.1914  12.3733  0.0029  0.001000
epoch:46 0.9307  1.0000  0.9783  -1.0000  0.9307  0.9440  1.0000  0.9800  -1.0000  0.9440  8.6248  9.3565  10.0914  12.1665  0.0029  0.001000
epoch:47 0.9330  1.0000  0.9785  -1.0000  0.9330  0.9470  1.0000  0.9800  -1.0000  0.9470  9.1806  9.3316  10.0552  13.2082  0.0030  0.001000
epoch:48 0.9367  1.0000  0.9788  -1.0000  0.9367  0.9520  1.0000  0.9800  -1.0000  0.9520  8.2815  9.5551  10.2433  11.4373  0.0028  0.001000
epoch:49 0.9296  1.0000  0.9784  -1.0000  0.9296  0.9480  1.0000  0.9800  -1.0000  0.9480  8.2578  10.2613  11.2116  11.2298  0.0028  0.001000
epoch:50 0.9376  1.0000  0.9683  -1.0000  0.9376  0.9510  1.0000  0.9700  -1.0000  0.9510  8.9508  8.9937  10.3440  11.8702  0.0028  0.001000
epoch:51 0.9337  1.0000  0.9789  -1.0000  0.9337  0.9470  1.0000  0.9800  -1.0000  0.9470  8.9824  9.7895  11.6212  12.6567  0.0030  0.001000
epoch:52 0.9211  1.0000  0.9781  -1.0000  0.9211  0.9390  1.0000  0.9800  -1.0000  0.9390  10.2028  9.5203  10.0592  13.3317  0.0029  0.001000
epoch:53 0.9344  1.0000  0.9783  -1.0000  0.9344  0.9520  1.0000  0.9800  -1.0000  0.9520  8.9058  9.4207  10.2088  11.9215  0.0029  0.001000
epoch:54 0.9381  1.0000  0.9788  -1.0000  0.9381  0.9540  1.0000  0.9800  -1.0000  0.9540  8.5373  8.6827  13.9485  15.4736  0.0028  0.001000
epoch:55 0.9363  1.0000  0.9784  -1.0000  0.9363  0.9480  1.0000  0.9800  -1.0000  0.9480  8.1719  9.4184  9.8446  11.5523  0.0028  0.001000
epoch:56 0.9361  1.0000  0.9796  -1.0000  0.9361  0.9530  1.0000  0.9800  -1.0000  0.9530  9.0822  8.7909  10.6153  10.8050  0.0028  0.001000
epoch:57 0.9411  0.9901  0.9792  -1.0000  0.9411  0.9530  0.9900  0.9800  -1.0000  0.9530  8.6694  8.9358  10.2015  10.7177  0.0027  0.001000
epoch:58 0.9346  0.9901  0.9901  -1.0000  0.9346  0.9490  0.9900  0.9900  -1.0000  0.9490  8.4429  8.8837  10.3989  11.8926  0.0029  0.001000
epoch:59 0.9140  1.0000  0.9782  -1.0000  0.9140  0.9360  1.0000  0.9800  -1.0000  0.9360  9.8936  10.4793  11.2813  11.3297  0.0028  0.001000
epoch:60 0.9292  1.0000  0.9790  -1.0000  0.9292  0.9420  1.0000  0.9800  -1.0000  0.9420  8.9341  9.9266  13.2120  11.8978  0.0028  0.001000
epoch:61 0.9296  1.0000  0.9796  -1.0000  0.9296  0.9460  1.0000  0.9800  -1.0000  0.9460  8.6314  9.0464  10.1289  13.1972  0.0027  0.001000
epoch:62 0.9492  1.0000  0.9901  -1.0000  0.9492  0.9600  1.0000  0.9900  -1.0000  0.9600  8.0326  7.6451  12.8942  12.5982  0.0029  0.001000
epoch:63 0.9381  1.0000  0.9795  -1.0000  0.9381  0.9510  1.0000  0.9800  -1.0000  0.9510  8.7695  9.9712  9.6803  10.4284  0.0027  0.001000
epoch:64 0.9329  0.9900  0.9794  -1.0000  0.9329  0.9430  0.9900  0.9800  -1.0000  0.9430  9.2052  9.1773  10.4664  13.4992  0.0028  0.001000
epoch:65 0.9388  1.0000  0.9788  -1.0000  0.9388  0.9530  1.0000  0.9800  -1.0000  0.9530  8.7263  8.4501  10.5497  12.2558  0.0027  0.001000
epoch:66 0.9507  1.0000  0.9900  -1.0000  0.9507  0.9600  1.0000  0.9900  -1.0000  0.9600  8.3224  7.9645  9.6837  10.8556  0.0027  0.001000
epoch:67 0.9281  1.0000  0.9784  -1.0000  0.9281  0.9440  1.0000  0.9800  -1.0000  0.9440  9.6351  9.5820  9.6596  11.0576  0.0027  0.001000
epoch:68 0.9382  1.0000  0.9692  -1.0000  0.9382  0.9510  1.0000  0.9700  -1.0000  0.9510  8.6732  8.7331  10.4093  12.4915  0.0027  0.001000
epoch:69 0.9441  1.0000  0.9796  -1.0000  0.9441  0.9600  1.0000  0.9800  -1.0000  0.9600  8.2811  9.0126  10.0695  10.8261  0.0026  0.001000
epoch:70 0.9464  0.9901  0.9785  -1.0000  0.9464  0.9590  0.9900  0.9800  -1.0000  0.9590  7.7998  8.4295  10.1927  10.7566  0.0028  0.001000
epoch:71 0.9363  1.0000  0.9898  -1.0000  0.9363  0.9540  1.0000  0.9900  -1.0000  0.9540  8.2740  9.0186  10.9039  10.8792  0.0028  0.001000
epoch:72 0.9409  1.0000  0.9781  -1.0000  0.9409  0.9530  1.0000  0.9800  -1.0000  0.9530  8.1578  8.9051  10.7705  11.8155  0.0028  0.001000
epoch:73 0.9376  1.0000  0.9796  -1.0000  0.9376  0.9520  1.0000  0.9800  -1.0000  0.9520  8.2514  9.1709  11.3590  12.0564  0.0025  0.001000
epoch:74 0.9383  1.0000  0.9787  -1.0000  0.9383  0.9510  1.0000  0.9800  -1.0000  0.9510  8.6067  8.8940  10.1346  11.4927  0.0026  0.001000
epoch:75 0.9349  1.0000  0.9790  -1.0000  0.9349  0.9520  1.0000  0.9800  -1.0000  0.9520  8.2905  9.0934  9.8259  11.0263  0.0023  0.000100
epoch:76 0.9421  1.0000  0.9791  -1.0000  0.9421  0.9550  1.0000  0.9800  -1.0000  0.9550  7.9378  9.1210  10.2341  10.8124  0.0023  0.000100
epoch:77 0.9405  0.9901  0.9666  -1.0000  0.9405  0.9520  0.9900  0.9700  -1.0000  0.9520  10.0608  9.6464  9.8528  10.8486  0.0021  0.000100
epoch:78 0.9435  0.9901  0.9671  -1.0000  0.9435  0.9560  0.9900  0.9700  -1.0000  0.9560  9.6171  9.8815  9.7053  10.5362  0.0022  0.000100
epoch:79 0.9477  1.0000  0.9796  -1.0000  0.9477  0.9590  1.0000  0.9800  -1.0000  0.9590  8.3967  8.4270  9.7622  10.4178  0.0021  0.000100
epoch:80 0.9519  1.0000  0.9901  -1.0000  0.9519  0.9620  1.0000  0.9900  -1.0000  0.9620  7.9424  8.7564  9.8188  10.0354  0.0021  0.000100
epoch:81 0.9339  0.9901  0.9694  -1.0000  0.9339  0.9480  0.9900  0.9700  -1.0000  0.9480  10.0056  9.9462  9.4847  10.4772  0.0021  0.000100
epoch:82 0.9411  0.9901  0.9702  -1.0000  0.9411  0.9530  0.9900  0.9700  -1.0000  0.9530  9.9740  9.9644  9.7230  11.0267  0.0021  0.000100
epoch:83 0.9494  1.0000  0.9792  -1.0000  0.9494  0.9590  1.0000  0.9800  -1.0000  0.9590  8.2681  8.1879  9.6590  11.0281  0.0021  0.000100
epoch:84 0.9425  1.0000  0.9795  -1.0000  0.9425  0.9580  1.0000  0.9800  -1.0000  0.9580  8.0874  8.2306  10.1906  10.2096  0.0020  0.000100
epoch:85 0.9456  0.9901  0.9694  -1.0000  0.9456  0.9540  0.9900  0.9700  -1.0000  0.9540  10.2783  9.6266  9.5798  9.9231  0.0021  0.000100
epoch:86 0.9472  1.0000  0.9786  -1.0000  0.9472  0.9600  1.0000  0.9800  -1.0000  0.9600  8.4563  8.5975  9.8418  10.1716  0.0021  0.000100
epoch:87 0.9462  1.0000  0.9795  -1.0000  0.9462  0.9560  1.0000  0.9800  -1.0000  0.9560  8.5406  8.7244  9.6113  10.3275  0.0020  0.000100
epoch:88 0.9345  0.9901  0.9698  -1.0000  0.9345  0.9480  0.9900  0.9700  -1.0000  0.9480  10.0374  9.7793  9.8212  10.4682  0.0020  0.000100
epoch:89 0.9490  1.0000  0.9793  -1.0000  0.9490  0.9580  1.0000  0.9800  -1.0000  0.9580  7.9403  8.7380  8.9532  10.3385  0.0020  0.000100
epoch:90 0.9508  1.0000  0.9795  -1.0000  0.9508  0.9620  1.0000  0.9800  -1.0000  0.9620  8.2646  8.4243  9.2832  10.0055  0.0020  0.000010
epoch:91 0.9388  0.9802  0.9695  -1.0000  0.9388  0.9490  0.9800  0.9700  -1.0000  0.9490  9.5084  10.3243  9.9728  10.2599  0.0020  0.000010
epoch:92 0.9541  1.0000  0.9796  -1.0000  0.9541  0.9610  1.0000  0.9800  -1.0000  0.9610  8.0898  8.3763  10.0509  9.6412  0.0019  0.000010
epoch:93 0.9534  1.0000  0.9792  -1.0000  0.9534  0.9620  1.0000  0.9800  -1.0000  0.9620  8.1385  8.8710  10.4155  9.5436  0.0019  0.000010
epoch:94 0.9414  1.0000  0.9792  -1.0000  0.9414  0.9540  1.0000  0.9800  -1.0000  0.9540  8.3977  9.0356  9.6062  10.0564  0.0019  0.000010
epoch:95 0.9414  0.9901  0.9694  -1.0000  0.9414  0.9560  0.9900  0.9700  -1.0000  0.9560  9.4200  10.0938  9.9693  9.5142  0.0019  0.000010
epoch:96 0.9510  1.0000  0.9702  -1.0000  0.9510  0.9610  1.0000  0.9700  -1.0000  0.9610  9.4995  8.4304  9.7408  10.1287  0.0020  0.000010
epoch:97 0.9456  1.0000  0.9783  -1.0000  0.9456  0.9580  1.0000  0.9800  -1.0000  0.9580  8.0674  8.7518  9.6792  9.9835  0.0019  0.000010
epoch:98 0.9512  1.0000  0.9796  -1.0000  0.9512  0.9610  1.0000  0.9800  -1.0000  0.9610  7.8966  8.4483  10.3456  10.9364  0.0019  0.000010
epoch:99 0.9528  1.0000  0.9901  -1.0000  0.9528  0.9630  1.0000  0.9900  -1.0000  0.9630  8.0660  8.3989  9.7043  9.3118  0.0019  0.000010
epoch:0 0.0000  0.0000  0.0000  -1.0000  0.0000  0.0000  0.0000  0.0000  -1.0000  0.0000  151.5794  98.8903  152.7994  663.4591  0.2872  0.001000
epoch:1 0.0164  0.0833  0.0010  -1.0000  0.0164  0.0740  0.2700  0.0200  -1.0000  0.0740  79.4674  90.5060  57.5941  62.7722  0.0218  0.001000
epoch:2 0.1945  0.7051  0.0224  -1.0000  0.1945  0.3040  0.8200  0.1100  -1.0000  0.3040  62.5864  40.0663  18.8634  36.6684  0.0169  0.001000
epoch:0 0.0007  0.0043  0.0000  -1.0000  0.0007  0.0100  0.0500  0.0000  -1.0000  0.0100  620.7181  134.7523  249.6848  249.6150  0.5029  0.001000
epoch:1 0.0586  0.2452  0.0204  -1.0000  0.0586  0.1070  0.4200  0.0300  -1.0000  0.1070  93.9066  65.9163  46.8029  82.2272  0.0235  0.001000
epoch:2 0.0635  0.2734  0.0102  -1.0000  0.0635  0.1420  0.4700  0.0400  -1.0000  0.1420  92.3441  64.5976  22.6117  36.0641  0.0183  0.001000
epoch:3 0.3070  0.7704  0.1663  -1.0000  0.3070  0.4470  0.8700  0.3900  -1.0000  0.4470  36.8865  48.1153  19.5205  21.9826  0.0140  0.001000
epoch:4 0.5570  0.9377  0.5383  -1.0000  0.5570  0.6010  0.9500  0.6100  -1.0000  0.6010  32.9521  27.7486  16.5519  18.9521  0.0115  0.001000
epoch:5 0.5891  1.0000  0.6242  -1.0000  0.5891  0.6490  1.0000  0.7100  -1.0000  0.6490  23.4838  35.6426  12.4825  19.3735  0.0098  0.001000
epoch:6 0.7515  1.0000  0.8949  -1.0000  0.7515  0.7940  1.0000  0.9100  -1.0000  0.7940  18.7937  18.6162  12.7161  17.6006  0.0087  0.001000
epoch:7 0.8160  0.9901  0.9532  -1.0000  0.8160  0.8470  0.9900  0.9600  -1.0000  0.8470  14.6148  14.9904  13.2939  16.4497  0.0075  0.001000
epoch:8 0.8422  0.9899  0.9790  -1.0000  0.8422  0.8740  0.9900  0.9800  -1.0000  0.8740  12.1432  14.2703  12.4171  15.8910  0.0069  0.001000
epoch:9 0.7676  0.9899  0.9087  -1.0000  0.7676  0.8090  0.9900  0.9200  -1.0000  0.8090  14.7700  17.5244  12.1181  21.1074  0.0061  0.001000
epoch:10 0.8691  0.9900  0.9565  -1.0000  0.8691  0.8930  0.9900  0.9600  -1.0000  0.8930  13.0355  13.0104  11.2270  15.0462  0.0056  0.001000
epoch:11 0.8746  0.9898  0.9549  -1.0000  0.8746  0.8960  0.9900  0.9600  -1.0000  0.8960  11.7418  12.6439  13.1497  15.3787  0.0053  0.001000
epoch:12 0.8683  0.9898  0.9560  -1.0000  0.8683  0.8960  0.9900  0.9600  -1.0000  0.8960  11.5837  13.7542  12.6492  15.7491  0.0050  0.001000
epoch:13 0.8580  1.0000  0.9503  -1.0000  0.8580  0.8940  1.0000  0.9600  -1.0000  0.8940  10.5874  14.4914  11.2234  14.2297  0.0048  0.001000
epoch:14 0.9053  1.0000  0.9582  -1.0000  0.9053  0.9290  1.0000  0.9700  -1.0000  0.9290  9.8824  10.0457  11.0459  14.4743  0.0047  0.001000
epoch:15 0.8837  1.0000  0.9768  -1.0000  0.8837  0.9130  1.0000  0.9800  -1.0000  0.9130  10.5830  11.7327  11.7116  15.5951  0.0044  0.001000
epoch:16 0.8830  0.9899  0.9686  -1.0000  0.8830  0.9150  0.9900  0.9700  -1.0000  0.9150  11.0800  10.8086  14.0921  16.1972  0.0045  0.001000
epoch:17 0.9129  1.0000  0.9783  -1.0000  0.9129  0.9330  1.0000  0.9800  -1.0000  0.9330  9.6081  11.1890  11.1432  14.7093  0.0041  0.001000
epoch:18 0.8984  1.0000  0.9685  -1.0000  0.8984  0.9190  1.0000  0.9700  -1.0000  0.9190  10.1079  11.5058  11.4673  14.4919  0.0042  0.001000
epoch:19 0.9336  0.9895  0.9784  -1.0000  0.9336  0.9460  0.9900  0.9800  -1.0000  0.9460  9.2606  9.9153  10.8074  12.4194  0.0039  0.001000
epoch:20 0.9086  1.0000  0.9900  -1.0000  0.9086  0.9330  1.0000  0.9900  -1.0000  0.9330  9.1967  10.4514  10.8656  14.3559  0.0038  0.001000
epoch:21 0.9116  1.0000  0.9568  -1.0000  0.9116  0.9350  1.0000  0.9600  -1.0000  0.9350  9.1200  10.5544  11.6016  16.7327  0.0038  0.001000
epoch:22 0.9100  1.0000  0.9789  -1.0000  0.9100  0.9320  1.0000  0.9800  -1.0000  0.9320  9.1572  10.6065  11.9402  14.4741  0.0037  0.001000
epoch:23 0.9018  1.0000  0.9780  -1.0000  0.9018  0.9260  1.0000  0.9800  -1.0000  0.9260  9.0025  11.7530  11.0727  14.9898  0.0036  0.001000
epoch:24 0.9079  1.0000  0.9687  -1.0000  0.9079  0.9280  1.0000  0.9700  -1.0000  0.9280  9.2435  10.3389  14.4511  15.3517  0.0036  0.001000
epoch:25 0.9283  1.0000  0.9514  -1.0000  0.9283  0.9440  1.0000  0.9600  -1.0000  0.9440  8.8744  11.4454  10.0203  12.3580  0.0036  0.001000
epoch:26 0.9340  1.0000  0.9786  -1.0000  0.9340  0.9490  1.0000  0.9800  -1.0000  0.9490  8.8208  9.6148  11.3412  12.0696  0.0034  0.001000
epoch:27 0.9225  1.0000  0.9667  -1.0000  0.9225  0.9380  1.0000  0.9700  -1.0000  0.9380  8.7892  10.3474  11.2028  12.4510  0.0035  0.001000
epoch:28 0.9314  1.0000  0.9901  -1.0000  0.9314  0.9440  1.0000  0.9900  -1.0000  0.9440  9.0521  9.9952  11.2300  11.8713  0.0034  0.001000
epoch:29 0.9111  1.0000  0.9749  -1.0000  0.9111  0.9360  1.0000  0.9800  -1.0000  0.9360  9.4426  11.2793  11.0832  13.4705  0.0033  0.001000
epoch:30 0.9173  0.9901  0.9666  -1.0000  0.9173  0.9390  0.9900  0.9700  -1.0000  0.9390  9.2574  10.0224  10.3326  14.4857  0.0033  0.001000
epoch:31 0.9150  1.0000  0.9777  -1.0000  0.9150  0.9400  1.0000  0.9800  -1.0000  0.9400  9.2515  9.8015  11.2113  14.7078  0.0034  0.001000
epoch:32 0.9375  1.0000  0.9898  -1.0000  0.9375  0.9530  1.0000  0.9900  -1.0000  0.9530  8.3126  8.7826  11.9150  12.9176  0.0032  0.001000
epoch:33 0.9293  1.0000  0.9788  -1.0000  0.9293  0.9430  1.0000  0.9800  -1.0000  0.9430  8.9772  10.4336  10.9879  12.8496  0.0032  0.001000
epoch:34 0.9399  1.0000  0.9797  -1.0000  0.9399  0.9510  1.0000  0.9800  -1.0000  0.9510  7.9128  9.8362  11.1396  11.8961  0.0032  0.001000
epoch:35 0.9225  0.9901  0.9683  -1.0000  0.9225  0.9390  0.9900  0.9700  -1.0000  0.9390  9.6351  9.8081  10.3344  12.5056  0.0031  0.001000
epoch:36 0.9303  1.0000  0.9901  -1.0000  0.9303  0.9470  1.0000  0.9900  -1.0000  0.9470  8.8400  9.6541  11.5932  13.6645  0.0032  0.001000
epoch:37 0.9158  1.0000  0.9895  -1.0000  0.9158  0.9360  1.0000  0.9900  -1.0000  0.9360  9.1665  11.7807  10.7027  12.0375  0.0032  0.001000
epoch:38 0.9339  1.0000  0.9789  -1.0000  0.9339  0.9440  1.0000  0.9800  -1.0000  0.9440  8.8762  9.9291  10.5769  12.8716  0.0032  0.001000
epoch:39 0.9272  1.0000  0.9790  -1.0000  0.9272  0.9480  1.0000  0.9800  -1.0000  0.9480  8.8688  9.7458  11.4279  12.4353  0.0032  0.001000
epoch:40 0.9397  1.0000  0.9756  -1.0000  0.9397  0.9570  1.0000  0.9800  -1.0000  0.9570  8.2201  8.7652  10.2702  12.0495  0.0029  0.001000
epoch:41 0.9408  1.0000  0.9779  -1.0000  0.9408  0.9540  1.0000  0.9800  -1.0000  0.9540  8.0184  8.8703  12.3374  12.9785  0.0030  0.001000
epoch:42 0.9432  1.0000  0.9789  -1.0000  0.9432  0.9550  1.0000  0.9800  -1.0000  0.9550  8.5354  8.2498  10.0944  12.5727  0.0031  0.001000
epoch:43 0.9235  1.0000  0.9769  -1.0000  0.9235  0.9470  1.0000  0.9800  -1.0000  0.9470  8.3895  9.8941  10.1584  12.9350  0.0029  0.001000
epoch:44 0.9332  0.9900  0.9680  -1.0000  0.9332  0.9470  0.9900  0.9700  -1.0000  0.9470  8.4658  9.3657  10.1612  13.4875  0.0030  0.001000
epoch:45 0.9376  1.0000  0.9766  -1.0000  0.9376  0.9540  1.0000  0.9800  -1.0000  0.9540  8.8812  9.2728  9.9479  11.6216  0.0028  0.001000
epoch:46 0.9343  1.0000  0.9900  -1.0000  0.9343  0.9540  1.0000  0.9900  -1.0000  0.9540  8.0351  8.7377  9.6105  11.7144  0.0030  0.001000
epoch:47 0.9210  1.0000  0.9789  -1.0000  0.9210  0.9390  1.0000  0.9800  -1.0000  0.9390  9.4021  9.9363  9.9083  11.9886  0.0028  0.001000
epoch:48 0.9365  1.0000  0.9790  -1.0000  0.9365  0.9510  1.0000  0.9800  -1.0000  0.9510  10.1915  9.7659  11.7031  12.7369  0.0029  0.001000
epoch:49 0.9335  1.0000  0.9791  -1.0000  0.9335  0.9480  1.0000  0.9800  -1.0000  0.9480  8.7594  9.1868  11.6534  11.6580  0.0029  0.001000
epoch:50 0.9252  1.0000  0.9754  -1.0000  0.9252  0.9430  1.0000  0.9800  -1.0000  0.9430  8.6627  11.5222  9.8424  12.2712  0.0028  0.001000
epoch:51 0.9236  1.0000  0.9789  -1.0000  0.9236  0.9440  1.0000  0.9800  -1.0000  0.9440  8.6257  9.6938  9.9803  11.1659  0.0028  0.001000
epoch:52 0.9404  1.0000  0.9786  -1.0000  0.9404  0.9550  1.0000  0.9800  -1.0000  0.9550  8.2582  8.4345  11.5058  15.2269  0.0028  0.001000
epoch:53 0.9221  1.0000  0.9781  -1.0000  0.9221  0.9430  1.0000  0.9800  -1.0000  0.9430  8.8290  9.3495  12.0148  15.5541  0.0028  0.001000
epoch:54 0.9422  1.0000  0.9787  -1.0000  0.9422  0.9550  1.0000  0.9800  -1.0000  0.9550  8.6502  9.1223  10.3633  11.0729  0.0028  0.001000
epoch:55 0.9304  1.0000  0.9794  -1.0000  0.9304  0.9470  1.0000  0.9800  -1.0000  0.9470  9.4711  9.5847  12.7779  11.8402  0.0029  0.001000
epoch:56 0.9263  1.0000  0.9684  -1.0000  0.9263  0.9410  1.0000  0.9700  -1.0000  0.9410  9.4261  9.7533  11.5401  12.5662  0.0030  0.001000
epoch:57 0.9480  1.0000  0.9900  -1.0000  0.9480  0.9580  1.0000  0.9900  -1.0000  0.9580  8.6516  8.7664  9.7924  10.7074  0.0029  0.001000
epoch:58 0.9205  0.9900  0.9692  -1.0000  0.9205  0.9380  0.9900  0.9700  -1.0000  0.9380  10.6033  10.0963  9.8042  13.5212  0.0027  0.001000
epoch:59 0.9408  1.0000  0.9780  -1.0000  0.9408  0.9510  1.0000  0.9800  -1.0000  0.9510  8.2610  8.5674  11.5721  16.2543  0.0027  0.001000
epoch:60 0.9457  0.9901  0.9901  -1.0000  0.9457  0.9550  0.9900  0.9900  -1.0000  0.9550  8.2090  8.4322  10.8760  13.5430  0.0027  0.001000
epoch:61 0.9256  1.0000  0.9774  -1.0000  0.9256  0.9470  1.0000  0.9800  -1.0000  0.9470  8.3046  10.3935  12.5902  14.2556  0.0028  0.001000
epoch:62 0.9522  1.0000  0.9652  -1.0000  0.9522  0.9620  1.0000  0.9700  -1.0000  0.9620  8.5561  8.1594  10.5165  11.8120  0.0028  0.001000
epoch:63 0.9253  1.0000  0.9575  -1.0000  0.9253  0.9470  1.0000  0.9600  -1.0000  0.9470  9.8105  10.3355  12.0305  11.6406  0.0027  0.001000
epoch:64 0.9484  1.0000  0.9790  -1.0000  0.9484  0.9600  1.0000  0.9800  -1.0000  0.9600  8.9812  8.2787  10.4685  11.6620  0.0029  0.001000
epoch:65 0.9423  1.0000  0.9793  -1.0000  0.9423  0.9540  1.0000  0.9800  -1.0000  0.9540  9.0204  8.3283  11.1506  13.9477  0.0028  0.001000
epoch:66 0.9485  1.0000  0.9800  -1.0000  0.9485  0.9560  1.0000  0.9800  -1.0000  0.9560  8.1166  8.9055  10.3208  11.9240  0.0030  0.001000
epoch:67 0.9461  1.0000  0.9795  -1.0000  0.9461  0.9570  1.0000  0.9800  -1.0000  0.9570  7.8485  8.9857  12.2401  11.5563  0.0027  0.001000
epoch:68 0.9395  1.0000  0.9684  -1.0000  0.9395  0.9510  1.0000  0.9700  -1.0000  0.9510  8.0436  9.7049  11.3477  10.7227  0.0027  0.001000
epoch:69 0.9249  1.0000  0.9787  -1.0000  0.9249  0.9460  1.0000  0.9800  -1.0000  0.9460  8.9448  9.5395  11.8745  12.0304  0.0027  0.001000
epoch:70 0.9080  1.0000  0.9750  -1.0000  0.9080  0.9360  1.0000  0.9800  -1.0000  0.9360  10.0743  9.9730  9.8658  11.2960  0.0025  0.001000
epoch:71 0.9350  1.0000  0.9617  -1.0000  0.9350  0.9510  1.0000  0.9700  -1.0000  0.9510  8.0877  10.8991  11.0499  11.7260  0.0026  0.001000
epoch:72 0.9407  1.0000  0.9774  -1.0000  0.9407  0.9500  1.0000  0.9800  -1.0000  0.9500  8.3321  10.0901  11.0257  11.7046  0.0027  0.001000
epoch:73 0.9281  1.0000  0.9764  -1.0000  0.9281  0.9470  1.0000  0.9800  -1.0000  0.9470  8.7541  8.3443  14.1724  14.9654  0.0028  0.001000
epoch:74 0.9430  1.0000  0.9788  -1.0000  0.9430  0.9540  1.0000  0.9800  -1.0000  0.9540  8.3476  9.0843  9.4735  11.0754  0.0028  0.001000
epoch:75 0.9247  1.0000  0.9787  -1.0000  0.9247  0.9430  1.0000  0.9800  -1.0000  0.9430  8.2992  9.0026  13.6888  18.5276  0.0027  0.001000
epoch:76 0.9358  1.0000  0.9782  -1.0000  0.9358  0.9500  1.0000  0.9800  -1.0000  0.9500  8.5696  8.8277  11.5612  12.5075  0.0026  0.001000
epoch:77 0.9474  1.0000  0.9789  -1.0000  0.9474  0.9570  1.0000  0.9800  -1.0000  0.9570  7.7704  8.9563  10.6512  11.4336  0.0027  0.001000
epoch:78 0.9488  1.0000  0.9781  -1.0000  0.9488  0.9570  1.0000  0.9800  -1.0000  0.9570  8.7364  9.0659  9.9626  12.6455  0.0027  0.001000
epoch:79 0.9492  1.0000  0.9783  -1.0000  0.9492  0.9570  1.0000  0.9800  -1.0000  0.9570  8.4621  8.4179  9.8587  11.5072  0.0026  0.001000
epoch:80 0.9535  1.0000  0.9797  -1.0000  0.9535  0.9610  1.0000  0.9800  -1.0000  0.9610  8.0214  8.4115  9.8069  11.2888  0.0027  0.001000
epoch:81 0.9474  1.0000  0.9792  -1.0000  0.9474  0.9580  1.0000  0.9800  -1.0000  0.9580  8.3691  7.8593  10.8632  12.4053  0.0026  0.001000
epoch:82 0.9299  1.0000  0.9784  -1.0000  0.9299  0.9480  1.0000  0.9800  -1.0000  0.9480  8.4948  9.6599  9.5482  11.3256  0.0028  0.001000
epoch:83 0.9470  1.0000  0.9770  -1.0000  0.9470  0.9580  1.0000  0.9800  -1.0000  0.9580  7.9731  8.8977  10.5532  11.7364  0.0027  0.001000
epoch:84 0.9472  1.0000  0.9588  -1.0000  0.9472  0.9610  1.0000  0.9700  -1.0000  0.9610  8.1647  8.2721  9.9498  10.5560  0.0026  0.001000
epoch:85 0.9423  1.0000  0.9789  -1.0000  0.9423  0.9550  1.0000  0.9800  -1.0000  0.9550  8.5278  9.1678  10.0728  10.4141  0.0027  0.001000
epoch:86 0.9385  1.0000  0.9668  -1.0000  0.9385  0.9520  1.0000  0.9700  -1.0000  0.9520  9.9867  9.3940  9.5480  12.4321  0.0025  0.001000
epoch:87 0.9381  1.0000  0.9781  -1.0000  0.9381  0.9520  1.0000  0.9800  -1.0000  0.9520  8.4395  8.6181  11.6979  11.3841  0.0026  0.001000
epoch:88 0.9416  1.0000  0.9581  -1.0000  0.9416  0.9550  1.0000  0.9700  -1.0000  0.9550  8.5379  8.7628  9.5576  11.0848  0.0027  0.001000
epoch:89 0.9447  1.0000  0.9792  -1.0000  0.9447  0.9550  1.0000  0.9800  -1.0000  0.9550  8.7247  8.8333  10.5030  10.9218  0.0026  0.001000
epoch:90 0.9397  1.0000  0.9780  -1.0000  0.9397  0.9530  1.0000  0.9800  -1.0000  0.9530  9.0835  9.0309  9.9521  12.3300  0.0027  0.001000
epoch:91 0.9357  1.0000  0.9776  -1.0000  0.9357  0.9520  1.0000  0.9800  -1.0000  0.9520  8.7926  9.9809  9.9653  10.4401  0.0026  0.001000
epoch:92 0.9376  1.0000  0.9760  -1.0000  0.9376  0.9510  1.0000  0.9800  -1.0000  0.9510  9.1657  8.6608  9.2580  16.9255  0.0026  0.001000
epoch:93 0.9292  1.0000  0.9775  -1.0000  0.9292  0.9450  1.0000  0.9800  -1.0000  0.9450  9.2823  10.2089  10.9127  11.0768  0.0028  0.001000
epoch:94 0.9396  1.0000  0.9683  -1.0000  0.9396  0.9510  1.0000  0.9700  -1.0000  0.9510  8.9899  8.5810  9.9358  11.2585  0.0026  0.001000
epoch:95 0.9355  1.0000  0.9791  -1.0000  0.9355  0.9510  1.0000  0.9800  -1.0000  0.9510  8.4511  9.1943  11.1645  11.5417  0.0026  0.001000
epoch:96 0.9376  1.0000  0.9791  -1.0000  0.9376  0.9540  1.0000  0.9800  -1.0000  0.9540  8.0895  8.3705  11.9447  17.9284  0.0026  0.001000
epoch:97 0.9313  1.0000  0.9778  -1.0000  0.9313  0.9500  1.0000  0.9800  -1.0000  0.9500  9.0564  11.4591  9.6951  13.0484  0.0026  0.001000
epoch:98 0.9423  1.0000  0.9792  -1.0000  0.9423  0.9590  1.0000  0.9800  -1.0000  0.9590  7.8415  8.4154  12.7607  16.7216  0.0027  0.001000
epoch:99 0.9425  1.0000  0.9796  -1.0000  0.9425  0.9540  1.0000  0.9800  -1.0000  0.9540  8.3665  8.7073  9.7400  10.9231  0.0027  0.001000
epoch:100 0.9410  1.0000  0.9899  -1.0000  0.9410  0.9560  1.0000  0.9900  -1.0000  0.9560  8.3757  9.4747  11.2421  12.5936  0.0026  0.001000
epoch:101 0.9547  1.0000  0.9721  -1.0000  0.9547  0.9670  1.0000  0.9800  -1.0000  0.9670  7.5776  8.1032  10.6722  12.0590  0.0025  0.001000
epoch:102 0.9396  1.0000  0.9791  -1.0000  0.9396  0.9510  1.0000  0.9800  -1.0000  0.9510  9.0674  8.9932  9.5308  10.9649  0.0026  0.001000
epoch:103 0.9420  1.0000  0.9798  -1.0000  0.9420  0.9550  1.0000  0.9800  -1.0000  0.9550  8.3769  8.5325  10.0955  11.3066  0.0024  0.001000
epoch:104 0.9394  1.0000  0.9796  -1.0000  0.9394  0.9550  1.0000  0.9800  -1.0000  0.9550  9.0000  9.0100  10.3938  11.1664  0.0024  0.001000
epoch:105 0.9539  1.0000  0.9795  -1.0000  0.9539  0.9620  1.0000  0.9800  -1.0000  0.9620  8.6329  8.8617  8.9001  9.7233  0.0024  0.001000
epoch:106 0.9443  1.0000  0.9786  -1.0000  0.9443  0.9550  1.0000  0.9800  -1.0000  0.9550  8.9639  8.7900  9.0522  10.8815  0.0025  0.001000
epoch:107 0.9420  1.0000  0.9620  -1.0000  0.9420  0.9550  1.0000  0.9700  -1.0000  0.9550  8.8531  8.8072  9.4635  9.9866  0.0025  0.001000
epoch:108 0.9478  1.0000  0.9686  -1.0000  0.9478  0.9580  1.0000  0.9700  -1.0000  0.9580  10.4528  8.0592  10.2937  11.2988  0.0026  0.001000
epoch:109 0.9374  1.0000  0.9790  -1.0000  0.9374  0.9520  1.0000  0.9800  -1.0000  0.9520  8.9826  8.3069  10.2333  10.5961  0.0026  0.001000
epoch:110 0.9470  1.0000  0.9899  -1.0000  0.9470  0.9580  1.0000  0.9900  -1.0000  0.9580  8.2678  9.1314  10.5765  10.7953  0.0026  0.001000
epoch:111 0.9402  1.0000  0.9610  -1.0000  0.9402  0.9530  1.0000  0.9700  -1.0000  0.9530  8.7338  9.0120  9.7094  10.4204  0.0026  0.001000
epoch:112 0.9443  1.0000  0.9795  -1.0000  0.9443  0.9540  1.0000  0.9800  -1.0000  0.9540  8.4068  8.6033  10.4872  11.0239  0.0025  0.001000
epoch:113 0.9389  1.0000  0.9791  -1.0000  0.9389  0.9500  1.0000  0.9800  -1.0000  0.9500  9.0823  8.4402  10.1192  12.3744  0.0026  0.001000
epoch:114 0.9354  1.0000  0.9773  -1.0000  0.9354  0.9530  1.0000  0.9800  -1.0000  0.9530  8.3577  9.3443  11.3966  15.0212  0.0026  0.001000
epoch:115 0.9416  1.0000  0.9793  -1.0000  0.9416  0.9580  1.0000  0.9800  -1.0000  0.9580  9.0292  8.9968  10.9088  11.0206  0.0025  0.001000
epoch:116 0.9351  1.0000  0.9790  -1.0000  0.9351  0.9510  1.0000  0.9800  -1.0000  0.9510  8.5242  8.9250  12.9167  11.6989  0.0026  0.001000
epoch:117 0.9312  1.0000  0.9779  -1.0000  0.9312  0.9450  1.0000  0.9800  -1.0000  0.9450  8.2638  9.2168  14.3070  13.4615  0.0026  0.001000
epoch:118 0.9392  1.0000  0.9698  -1.0000  0.9392  0.9510  1.0000  0.9700  -1.0000  0.9510  8.3883  8.5475  11.3073  15.1197  0.0025  0.001000
epoch:119 0.9452  1.0000  0.9785  -1.0000  0.9452  0.9570  1.0000  0.9800  -1.0000  0.9570  7.8971  9.1750  10.1167  11.3613  0.0026  0.001000
epoch:120 0.9445  1.0000  0.9684  -1.0000  0.9445  0.9530  1.0000  0.9700  -1.0000  0.9530  8.5771  8.7726  10.0268  11.6338  0.0025  0.001000
epoch:121 0.9543  1.0000  0.9789  -1.0000  0.9543  0.9620  1.0000  0.9800  -1.0000  0.9620  8.6614  8.1052  9.5010  10.1689  0.0025  0.001000
epoch:122 0.9455  1.0000  0.9800  -1.0000  0.9455  0.9550  1.0000  0.9800  -1.0000  0.9550  8.5397  9.1283  10.3494  10.8727  0.0027  0.001000
epoch:123 0.9566  1.0000  0.9650  -1.0000  0.9566  0.9660  1.0000  0.9700  -1.0000  0.9660  8.2877  7.8685  10.5705  10.4308  0.0024  0.001000
epoch:124 0.9460  1.0000  0.9898  -1.0000  0.9460  0.9600  1.0000  0.9900  -1.0000  0.9600  8.5509  8.4093  9.4129  11.5600  0.0026  0.001000
epoch:125 0.9479  1.0000  0.9794  -1.0000  0.9479  0.9610  1.0000  0.9800  -1.0000  0.9610  7.9261  8.5458  9.3851  10.2201  0.0026  0.001000
epoch:126 0.9487  1.0000  0.9788  -1.0000  0.9487  0.9610  1.0000  0.9800  -1.0000  0.9610  8.2633  8.0481  11.0342  11.6804  0.0025  0.001000
epoch:127 0.9429  1.0000  0.9790  -1.0000  0.9429  0.9570  1.0000  0.9800  -1.0000  0.9570  7.8382  10.3386  9.9174  10.1603  0.0025  0.001000
epoch:128 0.9466  1.0000  0.9899  -1.0000  0.9466  0.9560  1.0000  0.9900  -1.0000  0.9560  7.9906  9.5254  8.6988  11.2697  0.0026  0.001000
epoch:129 0.9460  1.0000  0.9786  -1.0000  0.9460  0.9570  1.0000  0.9800  -1.0000  0.9570  7.8791  8.9380  10.2353  11.4049  0.0025  0.001000
epoch:130 0.9542  1.0000  0.9696  -1.0000  0.9542  0.9620  1.0000  0.9700  -1.0000  0.9620  8.4781  8.6930  10.4574  10.7438  0.0026  0.001000
epoch:131 0.9530  1.0000  0.9789  -1.0000  0.9530  0.9620  1.0000  0.9800  -1.0000  0.9620  7.9820  8.0079  11.7489  11.5946  0.0026  0.001000
epoch:132 0.9441  1.0000  0.9901  -1.0000  0.9441  0.9580  1.0000  0.9900  -1.0000  0.9580  8.6190  8.5847  10.6759  10.5517  0.0025  0.001000
epoch:133 0.9527  1.0000  0.9901  -1.0000  0.9527  0.9590  1.0000  0.9900  -1.0000  0.9590  8.1725  8.7417  10.0675  10.4848  0.0025  0.001000
epoch:134 0.9572  1.0000  0.9774  -1.0000  0.9572  0.9650  1.0000  0.9800  -1.0000  0.9650  7.8899  8.7554  11.0052  10.5631  0.0024  0.001000
epoch:135 0.9562  1.0000  0.9785  -1.0000  0.9562  0.9640  1.0000  0.9800  -1.0000  0.9640  8.7709  8.0800  9.1244  10.8169  0.0025  0.001000
epoch:136 0.9482  1.0000  0.9797  -1.0000  0.9482  0.9600  1.0000  0.9800  -1.0000  0.9600  7.9601  8.1957  9.8754  11.1667  0.0024  0.001000
epoch:137 0.9475  1.0000  0.9901  -1.0000  0.9475  0.9570  1.0000  0.9900  -1.0000  0.9570  7.8611  8.8897  10.9783  11.5758  0.0024  0.001000
epoch:138 0.9440  1.0000  0.9766  -1.0000  0.9440  0.9550  1.0000  0.9800  -1.0000  0.9550  8.7204  8.9001  10.1119  11.0249  0.0025  0.001000
epoch:139 0.9390  0.9901  0.9901  -1.0000  0.9390  0.9510  0.9900  0.9900  -1.0000  0.9510  7.7848  10.0969  9.7363  10.9690  0.0025  0.001000
epoch:140 0.9405  1.0000  0.9781  -1.0000  0.9405  0.9550  1.0000  0.9800  -1.0000  0.9550  8.3405  8.7641  12.6236  12.5198  0.0025  0.001000
epoch:141 0.9367  1.0000  0.9790  -1.0000  0.9367  0.9500  1.0000  0.9800  -1.0000  0.9500  8.8021  9.0694  9.6328  10.7454  0.0026  0.001000
epoch:142 0.9416  1.0000  0.9794  -1.0000  0.9416  0.9560  1.0000  0.9800  -1.0000  0.9560  7.7562  9.3694  9.4299  11.8174  0.0027  0.001000
epoch:143 0.9308  1.0000  0.9790  -1.0000  0.9308  0.9460  1.0000  0.9800  -1.0000  0.9460  8.9154  10.4259  10.0076  13.8599  0.0024  0.001000
epoch:144 0.9518  1.0000  0.9787  -1.0000  0.9518  0.9630  1.0000  0.9800  -1.0000  0.9630  7.6712  9.1024  10.1881  12.0079  0.0024  0.001000
epoch:145 0.9548  1.0000  0.9901  -1.0000  0.9548  0.9630  1.0000  0.9900  -1.0000  0.9630  7.7380  8.5509  10.5507  10.8520  0.0025  0.001000
epoch:146 0.9384  0.9901  0.9901  -1.0000  0.9384  0.9540  0.9900  0.9900  -1.0000  0.9540  7.9164  9.8000  9.2929  10.7633  0.0025  0.001000
epoch:147 0.9501  1.0000  0.9769  -1.0000  0.9501  0.9600  1.0000  0.9800  -1.0000  0.9600  8.7580  7.6850  9.6466  9.5829  0.0023  0.001000
epoch:148 0.9415  0.9900  0.9795  -1.0000  0.9415  0.9510  0.9900  0.9800  -1.0000  0.9510  8.7720  8.0600  9.9772  13.9464  0.0023  0.001000
epoch:149 0.9488  0.9901  0.9901  -1.0000  0.9488  0.9620  0.9900  0.9900  -1.0000  0.9620  8.6479  8.8674  11.0414  12.2179  0.0025  0.001000
epoch:150 0.9513  1.0000  0.9794  -1.0000  0.9513  0.9600  1.0000  0.9800  -1.0000  0.9600  8.3153  8.6587  9.8952  10.3584  0.0022  0.000100
epoch:151 0.9519  1.0000  0.9791  -1.0000  0.9519  0.9620  1.0000  0.9800  -1.0000  0.9620  8.1994  8.2451  10.4556  11.1031  0.0020  0.000100
epoch:152 0.9567  1.0000  0.9901  -1.0000  0.9567  0.9650  1.0000  0.9900  -1.0000  0.9650  7.0498  8.2307  9.8128  10.7455  0.0020  0.000100
epoch:153 0.9574  1.0000  0.9901  -1.0000  0.9574  0.9670  1.0000  0.9900  -1.0000  0.9670  7.7718  8.1011  10.0529  10.3668  0.0020  0.000100
epoch:154 0.9512  1.0000  0.9791  -1.0000  0.9512  0.9630  1.0000  0.9800  -1.0000  0.9630  7.9271  8.7521  10.2877  10.5082  0.0020  0.000100
epoch:155 0.9499  1.0000  0.9793  -1.0000  0.9499  0.9620  1.0000  0.9800  -1.0000  0.9620  8.2498  8.4408  10.2113  10.1193  0.0020  0.000100
epoch:156 0.9525  1.0000  0.9694  -1.0000  0.9525  0.9620  1.0000  0.9700  -1.0000  0.9620  8.0420  8.4325  10.1708  10.8921  0.0019  0.000100
epoch:157 0.9510  1.0000  0.9800  -1.0000  0.9510  0.9630  1.0000  0.9800  -1.0000  0.9630  8.3678  8.2566  9.6674  10.3058  0.0018  0.000100
epoch:158 0.9471  1.0000  0.9795  -1.0000  0.9471  0.9600  1.0000  0.9800  -1.0000  0.9600  8.0744  8.7625  9.3202  10.3805  0.0019  0.000100
epoch:159 0.9524  1.0000  0.9796  -1.0000  0.9524  0.9630  1.0000  0.9800  -1.0000  0.9630  7.8996  8.3661  10.0479  9.7607  0.0019  0.000100
epoch:160 0.9513  1.0000  0.9797  -1.0000  0.9513  0.9630  1.0000  0.9800  -1.0000  0.9630  8.0790  8.1065  9.6911  10.3959  0.0018  0.000100
epoch:161 0.9535  1.0000  0.9794  -1.0000  0.9535  0.9610  1.0000  0.9800  -1.0000  0.9610  8.0805  8.1288  9.7851  10.2657  0.0019  0.000100
epoch:162 0.9586  1.0000  0.9796  -1.0000  0.9586  0.9670  1.0000  0.9800  -1.0000  0.9670  8.0241  8.5842  9.4204  9.6416  0.0018  0.000100
epoch:163 0.9490  1.0000  0.9794  -1.0000  0.9490  0.9600  1.0000  0.9800  -1.0000  0.9600  8.3664  7.7306  9.3680  10.3115  0.0018  0.000100
epoch:164 0.9494  1.0000  0.9797  -1.0000  0.9494  0.9640  1.0000  0.9800  -1.0000  0.9640  7.9999  8.2221  9.0458  10.4712  0.0018  0.000100
epoch:165 0.9601  1.0000  0.9797  -1.0000  0.9601  0.9680  1.0000  0.9800  -1.0000  0.9680  7.7504  8.3499  9.8787  9.7096  0.0018  0.000100
epoch:166 0.9588  1.0000  0.9793  -1.0000  0.9588  0.9670  1.0000  0.9800  -1.0000  0.9670  7.8655  8.0688  9.8542  10.4852  0.0017  0.000100
epoch:167 0.9503  1.0000  0.9791  -1.0000  0.9503  0.9650  1.0000  0.9800  -1.0000  0.9650  8.0737  8.6300  10.3742  10.2743  0.0017  0.000100
epoch:168 0.9608  1.0000  0.9792  -1.0000  0.9608  0.9690  1.0000  0.9800  -1.0000  0.9690  7.6036  8.0319  10.0361  10.4978  0.0017  0.000100
epoch:169 0.9573  1.0000  0.9901  -1.0000  0.9573  0.9670  1.0000  0.9900  -1.0000  0.9670  8.3536  8.3180  9.9047  10.1134  0.0018  0.000100
epoch:170 0.9526  1.0000  0.9792  -1.0000  0.9526  0.9630  1.0000  0.9800  -1.0000  0.9630  8.1555  8.2679  9.6796  9.3325  0.0018  0.000100
epoch:171 0.9569  1.0000  0.9801  -1.0000  0.9569  0.9660  1.0000  0.9800  -1.0000  0.9660  7.8337  7.6462  9.4227  10.3641  0.0018  0.000100
epoch:172 0.9566  1.0000  0.9901  -1.0000  0.9566  0.9680  1.0000  0.9900  -1.0000  0.9680  7.0852  7.6452  9.5546  10.3830  0.0017  0.000100
epoch:173 0.9594  1.0000  0.9795  -1.0000  0.9594  0.9670  1.0000  0.9800  -1.0000  0.9670  8.4060  7.7774  10.1476  9.6392  0.0017  0.000100
epoch:174 0.9531  0.9901  0.9795  -1.0000  0.9531  0.9610  0.9900  0.9800  -1.0000  0.9610  8.2992  8.1186  9.5410  10.4768  0.0017  0.000100
epoch:175 0.9557  1.0000  0.9899  -1.0000  0.9557  0.9660  1.0000  0.9900  -1.0000  0.9660  8.1560  7.7501  10.0331  10.5255  0.0017  0.000100
epoch:176 0.9541  1.0000  0.9603  -1.0000  0.9541  0.9660  1.0000  0.9700  -1.0000  0.9660  7.7897  7.9009  9.7653  10.1073  0.0018  0.000100
epoch:177 0.9530  0.9901  0.9784  -1.0000  0.9530  0.9630  0.9900  0.9800  -1.0000  0.9630  7.9002  7.9366  9.3730  9.8879  0.0018  0.000100
epoch:178 0.9553  1.0000  0.9788  -1.0000  0.9553  0.9630  1.0000  0.9800  -1.0000  0.9630  8.1610  7.9856  9.6022  10.0928  0.0017  0.000100
epoch:179 0.9567  1.0000  0.9901  -1.0000  0.9567  0.9670  1.0000  0.9900  -1.0000  0.9670  7.6053  8.2357  9.4279  9.5886  0.0017  0.000100
epoch:180 0.9591  1.0000  0.9700  -1.0000  0.9591  0.9660  1.0000  0.9700  -1.0000  0.9660  7.8338  7.8692  10.5420  11.1050  0.0017  0.000100
epoch:181 0.9580  1.0000  0.9792  -1.0000  0.9580  0.9680  1.0000  0.9800  -1.0000  0.9680  7.9195  8.0951  9.2670  10.0749  0.0017  0.000100
epoch:182 0.9500  1.0000  0.9901  -1.0000  0.9500  0.9630  1.0000  0.9900  -1.0000  0.9630  7.9749  7.7401  9.3140  10.2430  0.0017  0.000100
epoch:183 0.9638  1.0000  0.9798  -1.0000  0.9638  0.9710  1.0000  0.9800  -1.0000  0.9710  7.4831  7.4128  9.1062  9.9028  0.0017  0.000100
epoch:184 0.9631  1.0000  0.9796  -1.0000  0.9631  0.9710  1.0000  0.9800  -1.0000  0.9710  7.7975  7.9799  10.1349  9.8815  0.0017  0.000100
epoch:185 0.9603  1.0000  0.9791  -1.0000  0.9603  0.9670  1.0000  0.9800  -1.0000  0.9670  8.0513  7.5295  10.6833  10.8588  0.0017  0.000100
epoch:186 0.9556  1.0000  0.9800  -1.0000  0.9556  0.9650  1.0000  0.9800  -1.0000  0.9650  8.2942  8.2936  8.8590  9.8349  0.0017  0.000100
epoch:187 0.9590  1.0000  0.9781  -1.0000  0.9590  0.9680  1.0000  0.9800  -1.0000  0.9680  7.9277  8.2289  9.6729  9.7518  0.0016  0.000100
epoch:188 0.9546  1.0000  0.9511  -1.0000  0.9546  0.9640  1.0000  0.9600  -1.0000  0.9640  8.2552  7.5889  9.9440  9.9694  0.0017  0.000100
epoch:189 0.9572  1.0000  0.9792  -1.0000  0.9572  0.9680  1.0000  0.9800  -1.0000  0.9680  7.5811  8.5394  9.7347  9.7704  0.0016  0.000100
epoch:190 0.9596  1.0000  0.9901  -1.0000  0.9596  0.9670  1.0000  0.9900  -1.0000  0.9670  8.6748  7.9892  9.6739  9.3954  0.0017  0.000100
epoch:191 0.9666  1.0000  0.9795  -1.0000  0.9666  0.9740  1.0000  0.9800  -1.0000  0.9740  7.4655  7.5022  9.7690  9.5765  0.0017  0.000100
epoch:192 0.9571  1.0000  0.9743  -1.0000  0.9571  0.9670  1.0000  0.9800  -1.0000  0.9670  7.6012  8.0475  9.1926  10.1892  0.0016  0.000100
epoch:193 0.9624  1.0000  0.9749  -1.0000  0.9624  0.9700  1.0000  0.9800  -1.0000  0.9700  8.0314  8.0667  9.7611  9.5100  0.0016  0.000100
epoch:194 0.9575  1.0000  0.9792  -1.0000  0.9575  0.9660  1.0000  0.9800  -1.0000  0.9660  8.0280  7.8573  10.2333  9.7001  0.0016  0.000100
epoch:195 0.9634  1.0000  0.9901  -1.0000  0.9634  0.9700  1.0000  0.9900  -1.0000  0.9700  7.3529  8.7888  9.2211  9.8979  0.0017  0.000100
epoch:196 0.9483  0.9901  0.9702  -1.0000  0.9483  0.9590  0.9900  0.9700  -1.0000  0.9590  8.8954  7.7818  10.2093  10.1092  0.0016  0.000100
epoch:197 0.9582  1.0000  0.9901  -1.0000  0.9582  0.9690  1.0000  0.9900  -1.0000  0.9690  7.5367  8.0258  10.0838  9.4664  0.0016  0.000100
epoch:198 0.9603  1.0000  0.9901  -1.0000  0.9603  0.9670  1.0000  0.9900  -1.0000  0.9670  8.1619  8.0934  9.6834  9.7321  0.0016  0.000100
epoch:199 0.9571  1.0000  0.9900  -1.0000  0.9571  0.9660  1.0000  0.9900  -1.0000  0.9660  8.0028  8.2457  9.5369  9.0277  0.0015  0.000100
epoch:200 0.9570  1.0000  0.9802  -1.0000  0.9570  0.9670  1.0000  0.9800  -1.0000  0.9670  7.8407  7.6713  9.9653  9.0392  0.0015  0.000010
epoch:201 0.9550  1.0000  0.9696  -1.0000  0.9550  0.9640  1.0000  0.9700  -1.0000  0.9640  7.5169  7.9921  9.9428  9.2856  0.0015  0.000010
epoch:202 0.9550  1.0000  0.9727  -1.0000  0.9550  0.9660  1.0000  0.9800  -1.0000  0.9660  7.7850  7.9808  9.4173  9.2558  0.0015  0.000010
epoch:203 0.9590  1.0000  0.9901  -1.0000  0.9590  0.9700  1.0000  0.9900  -1.0000  0.9700  7.4783  7.5323  9.8396  9.1551  0.0015  0.000010
epoch:204 0.9550  1.0000  0.9802  -1.0000  0.9550  0.9650  1.0000  0.9800  -1.0000  0.9650  7.6501  8.2983  9.5991  9.8977  0.0015  0.000010
epoch:205 0.9612  1.0000  0.9901  -1.0000  0.9612  0.9690  1.0000  0.9900  -1.0000  0.9690  7.3167  7.9460  9.6351  9.2727  0.0016  0.000010
epoch:206 0.9517  1.0000  0.9792  -1.0000  0.9517  0.9650  1.0000  0.9800  -1.0000  0.9650  8.4124  7.7836  10.1223  9.4626  0.0015  0.000010
epoch:207 0.9549  1.0000  0.9728  -1.0000  0.9549  0.9660  1.0000  0.9800  -1.0000  0.9660  7.7141  7.7932  10.0378  9.6560  0.0015  0.000010
epoch:208 0.9611  1.0000  0.9901  -1.0000  0.9611  0.9690  1.0000  0.9900  -1.0000  0.9690  7.6118  8.0298  9.9737  9.7613  0.0015  0.000010
epoch:209 0.9604  1.0000  0.9785  -1.0000  0.9604  0.9690  1.0000  0.9800  -1.0000  0.9690  7.8145  8.0179  9.0287  9.9924  0.0015  0.000010
epoch:210 0.9572  1.0000  0.9901  -1.0000  0.9572  0.9670  1.0000  0.9900  -1.0000  0.9670  8.1057  7.9859  9.9203  9.9669  0.0015  0.000010
epoch:211 0.9684  1.0000  0.9901  -1.0000  0.9684  0.9740  1.0000  0.9900  -1.0000  0.9740  7.6792  7.8962  9.6225  9.6769  0.0015  0.000010
epoch:212 0.9557  1.0000  0.9800  -1.0000  0.9557  0.9650  1.0000  0.9800  -1.0000  0.9650  8.3152  7.7904  9.5803  9.9871  0.0015  0.000010
epoch:213 0.9654  1.0000  0.9901  -1.0000  0.9654  0.9730  1.0000  0.9900  -1.0000  0.9730  7.5349  7.6825  10.1350  9.4701  0.0015  0.000010
epoch:214 0.9614  1.0000  0.9802  -1.0000  0.9614  0.9690  1.0000  0.9800  -1.0000  0.9690  7.3233  8.2613  9.9112  9.8207  0.0016  0.000010
epoch:215 0.9567  1.0000  0.9901  -1.0000  0.9567  0.9680  1.0000  0.9900  -1.0000  0.9680  7.7260  7.8957  9.7316  9.4821  0.0015  0.000010
epoch:216 0.9653  1.0000  0.9901  -1.0000  0.9653  0.9730  1.0000  0.9900  -1.0000  0.9730  7.6431  7.7905  9.7187  9.8314  0.0015  0.000010
epoch:217 0.9578  1.0000  0.9901  -1.0000  0.9578  0.9690  1.0000  0.9900  -1.0000  0.9690  7.5675  8.3979  9.7898  9.2345  0.0015  0.000010
epoch:218 0.9600  1.0000  0.9900  -1.0000  0.9600  0.9690  1.0000  0.9900  -1.0000  0.9690  7.6394  7.8971  9.9777  9.8144  0.0015  0.000010
epoch:219 0.9601  1.0000  0.9801  -1.0000  0.9601  0.9680  1.0000  0.9800  -1.0000  0.9680  7.7771  7.8302  9.6297  9.8396  0.0015  0.000010
epoch:220 0.9683  1.0000  0.9901  -1.0000  0.9683  0.9740  1.0000  0.9900  -1.0000  0.9740  8.0206  7.4728  9.6261  9.1882  0.0015  0.000010
epoch:221 0.9523  0.9901  0.9700  -1.0000  0.9523  0.9620  0.9900  0.9700  -1.0000  0.9620  8.2989  8.1504  10.2066  9.6444  0.0015  0.000010
epoch:222 0.9587  1.0000  0.9901  -1.0000  0.9587  0.9690  1.0000  0.9900  -1.0000  0.9690  7.8455  7.5843  9.8646  9.6286  0.0015  0.000010
epoch:223 0.9612  1.0000  0.9901  -1.0000  0.9612  0.9700  1.0000  0.9900  -1.0000  0.9700  7.6586  8.3730  10.0714  10.0574  0.0015  0.000010
epoch:224 0.9560  1.0000  0.9797  -1.0000  0.9560  0.9670  1.0000  0.9800  -1.0000  0.9670  8.2298  8.2961  9.5323  10.0058  0.0015  0.000010
epoch:225 0.9598  1.0000  0.9800  -1.0000  0.9598  0.9680  1.0000  0.9800  -1.0000  0.9680  7.9621  8.0848  9.7970  9.5028  0.0015  0.000010
epoch:226 0.9622  1.0000  0.9800  -1.0000  0.9622  0.9670  1.0000  0.9800  -1.0000  0.9670  7.5936  7.9788  9.8360  9.7830  0.0015  0.000010
epoch:227 0.9531  1.0000  0.9901  -1.0000  0.9531  0.9630  1.0000  0.9900  -1.0000  0.9630  8.3575  8.0154  9.9879  10.1271  0.0015  0.000010
epoch:228 0.9538  1.0000  0.9901  -1.0000  0.9538  0.9650  1.0000  0.9900  -1.0000  0.9650  7.6363  8.2710  9.7968  9.5268  0.0014  0.000010
epoch:229 0.9649  1.0000  0.9901  -1.0000  0.9649  0.9710  1.0000  0.9900  -1.0000  0.9710  7.6291  7.8814  10.0673  9.4434  0.0015  0.000010
epoch:230 0.9422  1.0000  0.9700  -1.0000  0.9422  0.9570  1.0000  0.9700  -1.0000  0.9570  8.4264  8.6293  9.7228  10.2779  0.0015  0.000010
epoch:231 0.9647  1.0000  0.9901  -1.0000  0.9647  0.9720  1.0000  0.9900  -1.0000  0.9720  7.6264  7.6676  9.9077  10.1303  0.0015  0.000010
epoch:232 0.9645  1.0000  0.9802  -1.0000  0.9645  0.9710  1.0000  0.9800  -1.0000  0.9710  7.9576  7.4377  9.5974  10.3829  0.0015  0.000010
epoch:233 0.9560  1.0000  0.9901  -1.0000  0.9560  0.9640  1.0000  0.9900  -1.0000  0.9640  8.0756  7.9260  9.9654  10.3784  0.0015  0.000010
epoch:234 0.9549  1.0000  0.9900  -1.0000  0.9549  0.9650  1.0000  0.9900  -1.0000  0.9650  7.8771  7.7988  9.5336  8.8858  0.0015  0.000010
epoch:235 0.9635  1.0000  0.9901  -1.0000  0.9635  0.9710  1.0000  0.9900  -1.0000  0.9710  7.7823  7.6334  9.7649  9.7662  0.0015  0.000010
epoch:236 0.9578  1.0000  0.9721  -1.0000  0.9578  0.9670  1.0000  0.9800  -1.0000  0.9670  7.5283  7.6497  10.1588  9.8548  0.0015  0.000010
epoch:237 0.9589  1.0000  0.9901  -1.0000  0.9589  0.9690  1.0000  0.9900  -1.0000  0.9690  7.5569  7.4524  10.0871  9.4151  0.0015  0.000010
epoch:238 0.9524  1.0000  0.9802  -1.0000  0.9524  0.9640  1.0000  0.9800  -1.0000  0.9640  8.2313  8.3518  9.5770  10.1066  0.0014  0.000010
epoch:239 0.9630  1.0000  0.9901  -1.0000  0.9630  0.9700  1.0000  0.9900  -1.0000  0.9700  7.7014  8.0834  10.0619  9.1869  0.0015  0.000010
epoch:240 0.9599  1.0000  0.9901  -1.0000  0.9599  0.9700  1.0000  0.9900  -1.0000  0.9700  7.9378  7.7810  9.6650  9.6246  0.0014  0.000010
epoch:241 0.9607  1.0000  0.9900  -1.0000  0.9607  0.9700  1.0000  0.9900  -1.0000  0.9700  7.5886  7.9496  9.4646  9.1270  0.0015  0.000010
epoch:242 0.9592  1.0000  0.9802  -1.0000  0.9592  0.9670  1.0000  0.9800  -1.0000  0.9670  7.7803  8.3890  9.2004  9.3388  0.0015  0.000010
epoch:243 0.9539  1.0000  0.9802  -1.0000  0.9539  0.9630  1.0000  0.9800  -1.0000  0.9630  8.4045  8.0946  10.0047  9.9506  0.0015  0.000010
epoch:244 0.9615  1.0000  0.9900  -1.0000  0.9615  0.9700  1.0000  0.9900  -1.0000  0.9700  7.8379  7.7178  9.6837  9.9222  0.0015  0.000010
epoch:245 0.9640  1.0000  0.9901  -1.0000  0.9640  0.9710  1.0000  0.9900  -1.0000  0.9710  7.8060  7.5880  9.8586  9.0101  0.0015  0.000010
epoch:246 0.9668  1.0000  0.9901  -1.0000  0.9668  0.9720  1.0000  0.9900  -1.0000  0.9720  7.5088  7.6062  9.6534  9.5359  0.0015  0.000010
epoch:247 0.9674  1.0000  0.9901  -1.0000  0.9674  0.9730  1.0000  0.9900  -1.0000  0.9730  7.5609  7.7885  10.2120  9.8249  0.0015  0.000010
epoch:248 0.9638  1.0000  0.9797  -1.0000  0.9638  0.9710  1.0000  0.9800  -1.0000  0.9710  7.8220  7.9599  9.7849  9.5859  0.0015  0.000010
epoch:249 0.9607  1.0000  0.9802  -1.0000  0.9607  0.9680  1.0000  0.9800  -1.0000  0.9680  7.8277  7.8217  9.1851  9.9127  0.0015  0.000010
epoch:0 0.0000  0.0000  0.0000  -1.0000  0.0000  0.0000  0.0000  0.0000  -1.0000  0.0000  352.6443  235.7031  554.3553  548.3862  0.4612  0.001000
epoch:1 0.0300  0.1709  0.0000  -1.0000  0.0300  0.0750  0.3400  0.0000  -1.0000  0.0750  63.9736  115.2804  63.3406  71.2745  0.0236  0.001000
epoch:2 0.2148  0.8100  0.0568  -1.0000  0.2148  0.3330  0.8900  0.2300  -1.0000  0.3330  40.6977  50.5127  21.4348  35.2761  0.0191  0.001000
epoch:3 0.3112  0.9376  0.0795  -1.0000  0.3120  0.4140  0.9600  0.2500  -1.0000  0.4140  45.8545  37.0950  16.1729  31.1858  0.0153  0.001000
epoch:4 0.5083  0.9759  0.4581  -1.0000  0.5083  0.5740  0.9800  0.5600  -1.0000  0.5740  29.1659  27.9807  14.7313  20.4919  0.0122  0.001000
epoch:5 0.6396  0.9665  0.7138  -1.0000  0.6396  0.7060  0.9800  0.7700  -1.0000  0.7060  21.0918  24.8639  13.5202  20.9567  0.0102  0.001000
epoch:6 0.7896  1.0000  0.9082  -1.0000  0.7896  0.8310  1.0000  0.9300  -1.0000  0.8310  16.8465  13.7676  13.1270  17.2994  0.0084  0.001000
epoch:7 0.8293  0.9898  0.9567  -1.0000  0.8293  0.8660  0.9900  0.9600  -1.0000  0.8660  13.5668  14.7206  11.8082  16.7160  0.0075  0.001000
epoch:8 0.8194  0.9794  0.9596  -1.0000  0.8194  0.8520  0.9800  0.9600  -1.0000  0.8520  14.4038  15.8026  11.6387  17.2297  0.0066  0.001000
epoch:9 0.8388  1.0000  0.9482  -1.0000  0.8388  0.8740  1.0000  0.9600  -1.0000  0.8740  13.0400  12.6905  11.9397  14.9953  0.0062  0.001000
epoch:10 0.8700  1.0000  0.9590  -1.0000  0.8700  0.9020  1.0000  0.9700  -1.0000  0.9020  11.6214  11.5549  11.4981  15.3698  0.0056  0.001000
epoch:11 0.8846  0.9901  0.9769  -1.0000  0.8846  0.9070  0.9900  0.9800  -1.0000  0.9070  11.7611  11.4657  12.2454  15.7419  0.0054  0.001000
epoch:12 0.8747  0.9901  0.9781  -1.0000  0.8747  0.9080  0.9900  0.9800  -1.0000  0.9080  10.7664  13.3526  10.5877  14.6940  0.0052  0.001000
epoch:13 0.8766  1.0000  0.9556  -1.0000  0.8766  0.9080  1.0000  0.9600  -1.0000  0.9080  12.5772  11.1635  11.6913  14.4160  0.0049  0.001000
epoch:14 0.9020  1.0000  0.9569  -1.0000  0.9020  0.9240  1.0000  0.9600  -1.0000  0.9240  11.5976  11.7794  10.3677  13.6490  0.0047  0.001000
epoch:15 0.9185  0.9899  0.9789  -1.0000  0.9185  0.9390  0.9900  0.9800  -1.0000  0.9390  9.7143  9.9621  10.8662  13.1032  0.0047  0.001000
epoch:16 0.8970  0.9900  0.9681  -1.0000  0.8970  0.9190  0.9900  0.9700  -1.0000  0.9190  10.9723  11.1835  10.5361  15.0111  0.0042  0.001000
epoch:17 0.9033  0.9901  0.9784  -1.0000  0.9033  0.9260  0.9900  0.9800  -1.0000  0.9260  10.1709  10.2609  13.4822  13.2500  0.0043  0.001000
epoch:18 0.8971  1.0000  0.9688  -1.0000  0.8971  0.9210  1.0000  0.9700  -1.0000  0.9210  9.6682  11.2678  11.3821  14.3970  0.0040  0.001000
epoch:19 0.9226  1.0000  0.9780  -1.0000  0.9226  0.9390  1.0000  0.9800  -1.0000  0.9390  8.8872  9.5275  11.6467  15.3781  0.0041  0.001000
epoch:20 0.8911  1.0000  0.9542  -1.0000  0.8911  0.9180  1.0000  0.9600  -1.0000  0.9180  10.4265  10.8420  13.5010  13.8686  0.0038  0.001000
epoch:21 0.9107  0.9901  0.9786  -1.0000  0.9107  0.9320  0.9900  0.9800  -1.0000  0.9320  9.9757  10.5677  10.3705  14.3274  0.0039  0.001000
epoch:22 0.9055  1.0000  0.9771  -1.0000  0.9055  0.9300  1.0000  0.9800  -1.0000  0.9300  9.5757  9.5437  14.1822  18.0376  0.0038  0.001000
epoch:23 0.9128  1.0000  0.9678  -1.0000  0.9128  0.9330  1.0000  0.9700  -1.0000  0.9330  9.1778  9.6992  12.3959  13.1721  0.0036  0.001000
epoch:24 0.8981  1.0000  0.9757  -1.0000  0.8981  0.9250  1.0000  0.9800  -1.0000  0.9250  9.8676  11.7120  12.5978  12.7083  0.0036  0.001000
epoch:25 0.9179  1.0000  0.9671  -1.0000  0.9179  0.9370  1.0000  0.9700  -1.0000  0.9370  10.7754  9.2100  12.1844  12.3840  0.0036  0.001000
epoch:26 0.9031  1.0000  0.9674  -1.0000  0.9031  0.9210  1.0000  0.9700  -1.0000  0.9210  10.4000  10.5423  10.9588  16.9178  0.0036  0.001000
epoch:27 0.9199  1.0000  0.9755  -1.0000  0.9199  0.9390  1.0000  0.9800  -1.0000  0.9390  9.0693  10.6975  10.4237  13.8377  0.0035  0.001000
epoch:28 0.9204  1.0000  0.9674  -1.0000  0.9204  0.9390  1.0000  0.9700  -1.0000  0.9390  10.9685  9.3861  11.0706  13.4193  0.0035  0.001000
epoch:29 0.9221  1.0000  0.9729  -1.0000  0.9221  0.9420  1.0000  0.9800  -1.0000  0.9420  8.4089  9.7551  10.6244  12.4185  0.0033  0.001000
epoch:30 0.9222  1.0000  0.9781  -1.0000  0.9222  0.9440  1.0000  0.9800  -1.0000  0.9440  8.8432  10.4734  9.8191  15.5404  0.0034  0.001000
epoch:31 0.9313  1.0000  0.9684  -1.0000  0.9313  0.9460  1.0000  0.9700  -1.0000  0.9460  8.3673  9.4436  11.0404  12.3109  0.0032  0.001000
epoch:32 0.9159  0.9901  0.9752  -1.0000  0.9159  0.9350  0.9900  0.9800  -1.0000  0.9350  9.0436  9.9690  10.4230  14.1222  0.0033  0.001000
epoch:33 0.9229  0.9900  0.9785  -1.0000  0.9229  0.9390  0.9900  0.9800  -1.0000  0.9390  8.9958  9.7608  10.7308  13.1002  0.0033  0.001000
epoch:34 0.9215  1.0000  0.9569  -1.0000  0.9215  0.9410  1.0000  0.9600  -1.0000  0.9410  9.6044  10.0139  9.6362  12.3283  0.0033  0.001000
epoch:35 0.9015  0.9901  0.9782  -1.0000  0.9015  0.9240  0.9900  0.9800  -1.0000  0.9240  8.9090  11.8389  14.1030  15.9519  0.0032  0.001000
epoch:36 0.9233  1.0000  0.9686  -1.0000  0.9233  0.9380  1.0000  0.9700  -1.0000  0.9380  9.0582  12.1250  10.6512  12.4053  0.0032  0.001000
epoch:37 0.9365  1.0000  0.9781  -1.0000  0.9365  0.9490  1.0000  0.9800  -1.0000  0.9490  8.4896  10.2369  10.8618  13.8582  0.0032  0.001000
epoch:38 0.9304  1.0000  0.9767  -1.0000  0.9304  0.9460  1.0000  0.9800  -1.0000  0.9460  8.4935  10.3378  11.3577  13.0324  0.0031  0.001000
epoch:39 0.9329  1.0000  0.9774  -1.0000  0.9329  0.9510  1.0000  0.9800  -1.0000  0.9510  8.5066  8.7736  11.9337  12.8774  0.0031  0.001000
epoch:40 0.9437  1.0000  0.9781  -1.0000  0.9437  0.9550  1.0000  0.9800  -1.0000  0.9550  7.9690  8.9198  10.5079  13.2446  0.0031  0.001000
epoch:41 0.9301  0.9901  0.9768  -1.0000  0.9301  0.9500  0.9900  0.9800  -1.0000  0.9500  8.4069  9.8763  9.4883  11.3877  0.0030  0.001000
epoch:42 0.9346  1.0000  0.9767  -1.0000  0.9346  0.9490  1.0000  0.9800  -1.0000  0.9490  8.7077  9.4750  10.9539  12.6302  0.0030  0.001000
epoch:43 0.9177  1.0000  0.9762  -1.0000  0.9177  0.9430  1.0000  0.9800  -1.0000  0.9430  9.0080  10.1027  10.3086  12.6119  0.0031  0.001000
epoch:44 0.9388  1.0000  0.9794  -1.0000  0.9388  0.9540  1.0000  0.9800  -1.0000  0.9540  7.9762  8.6518  10.6669  15.3132  0.0030  0.001000
epoch:45 0.9443  1.0000  0.9777  -1.0000  0.9443  0.9550  1.0000  0.9800  -1.0000  0.9550  7.9751  8.8816  9.8971  12.6056  0.0030  0.001000
epoch:46 0.9271  1.0000  0.9763  -1.0000  0.9271  0.9470  1.0000  0.9800  -1.0000  0.9470  9.0722  8.5332  11.0101  11.9276  0.0030  0.001000
epoch:47 0.9144  1.0000  0.9797  -1.0000  0.9144  0.9350  1.0000  0.9800  -1.0000  0.9350  9.2014  10.4949  12.6979  16.5379  0.0027  0.001000
epoch:48 0.9435  1.0000  0.9756  -1.0000  0.9435  0.9560  1.0000  0.9800  -1.0000  0.9560  8.4230  8.9893  10.0672  11.5042  0.0028  0.001000
epoch:49 0.9334  0.9901  0.9764  -1.0000  0.9334  0.9490  0.9900  0.9800  -1.0000  0.9490  8.3200  9.0313  10.3219  15.3376  0.0029  0.001000
epoch:50 0.9413  0.9901  0.9772  -1.0000  0.9413  0.9550  0.9900  0.9800  -1.0000  0.9550  8.6544  8.8190  10.0883  11.8156  0.0028  0.001000
epoch:51 0.9454  1.0000  0.9789  -1.0000  0.9454  0.9550  1.0000  0.9800  -1.0000  0.9550  8.1029  8.7535  9.7244  10.3797  0.0029  0.001000
epoch:52 0.9412  1.0000  0.9670  -1.0000  0.9412  0.9540  1.0000  0.9700  -1.0000  0.9540  8.9399  9.1537  9.6292  10.7752  0.0029  0.001000
epoch:53 0.9418  0.9901  0.9789  -1.0000  0.9418  0.9540  0.9900  0.9800  -1.0000  0.9540  8.5358  9.2447  9.9019  11.5045  0.0028  0.001000
epoch:54 0.9375  1.0000  0.9643  -1.0000  0.9375  0.9500  1.0000  0.9700  -1.0000  0.9500  8.3310  9.5019  10.1424  11.5011  0.0028  0.001000
epoch:55 0.9462  1.0000  0.9781  -1.0000  0.9462  0.9590  1.0000  0.9800  -1.0000  0.9590  8.6341  9.0186  10.6189  11.2717  0.0030  0.001000
epoch:56 0.9286  0.9900  0.9900  -1.0000  0.9286  0.9480  0.9900  0.9900  -1.0000  0.9480  9.0312  8.7697  10.5896  11.8202  0.0029  0.001000
epoch:57 0.9353  1.0000  0.9786  -1.0000  0.9353  0.9470  1.0000  0.9800  -1.0000  0.9470  8.8416  9.3345  10.1547  12.0590  0.0030  0.001000
epoch:58 0.9435  1.0000  0.9769  -1.0000  0.9435  0.9570  1.0000  0.9800  -1.0000  0.9570  8.3332  9.6479  10.2967  11.0152  0.0027  0.001000
epoch:59 0.9574  1.0000  0.9746  -1.0000  0.9574  0.9660  1.0000  0.9800  -1.0000  0.9660  7.7167  8.2190  10.0866  11.2211  0.0028  0.001000
epoch:60 0.9476  1.0000  0.9901  -1.0000  0.9476  0.9570  1.0000  0.9900  -1.0000  0.9570  8.0274  8.3487  13.2654  14.0667  0.0027  0.001000
epoch:61 0.9122  1.0000  0.9777  -1.0000  0.9122  0.9370  1.0000  0.9800  -1.0000  0.9370  8.5151  11.9952  10.3664  11.8001  0.0029  0.001000
epoch:62 0.9514  1.0000  0.9780  -1.0000  0.9514  0.9590  1.0000  0.9800  -1.0000  0.9590  8.5262  8.2158  9.4988  10.5495  0.0027  0.001000
epoch:63 0.9477  1.0000  0.9784  -1.0000  0.9477  0.9550  1.0000  0.9800  -1.0000  0.9550  8.3294  9.1371  9.5379  11.5465  0.0028  0.001000
epoch:64 0.9405  1.0000  0.9775  -1.0000  0.9405  0.9540  1.0000  0.9800  -1.0000  0.9540  8.5886  8.5960  9.8364  12.5250  0.0028  0.001000
epoch:65 0.9369  1.0000  0.9790  -1.0000  0.9369  0.9500  1.0000  0.9800  -1.0000  0.9500  8.9800  8.2954  9.8501  11.9114  0.0028  0.001000
epoch:66 0.9441  1.0000  0.9900  -1.0000  0.9441  0.9580  1.0000  0.9900  -1.0000  0.9580  7.8687  8.2780  9.7009  12.2355  0.0027  0.001000
epoch:67 0.9334  1.0000  0.9698  -1.0000  0.9334  0.9490  1.0000  0.9700  -1.0000  0.9490  8.8118  9.3237  9.7486  13.4553  0.0027  0.001000
epoch:68 0.9310  0.9901  0.9796  -1.0000  0.9310  0.9450  0.9900  0.9800  -1.0000  0.9450  9.2876  10.9663  9.5740  12.2395  0.0027  0.001000
epoch:69 0.9389  1.0000  0.9787  -1.0000  0.9389  0.9530  1.0000  0.9800  -1.0000  0.9530  8.3058  9.3456  12.2239  12.9084  0.0028  0.001000
epoch:70 0.9338  1.0000  0.9760  -1.0000  0.9338  0.9500  1.0000  0.9800  -1.0000  0.9500  8.0662  8.9782  12.0986  13.4750  0.0028  0.001000
epoch:71 0.9437  1.0000  0.9747  -1.0000  0.9437  0.9570  1.0000  0.9800  -1.0000  0.9570  8.1173  8.4252  11.3327  12.7857  0.0028  0.001000
epoch:72 0.9403  1.0000  0.9792  -1.0000  0.9403  0.9510  1.0000  0.9800  -1.0000  0.9510  8.8452  9.6342  9.7805  11.3999  0.0027  0.001000
epoch:73 0.9352  0.9901  0.9792  -1.0000  0.9352  0.9490  0.9900  0.9800  -1.0000  0.9490  8.8920  9.4956  9.8979  12.1647  0.0026  0.001000
epoch:74 0.9425  0.9901  0.9901  -1.0000  0.9425  0.9550  0.9900  0.9900  -1.0000  0.9550  8.1488  8.4138  10.2137  11.6870  0.0027  0.001000
epoch:75 0.9473  1.0000  0.9791  -1.0000  0.9473  0.9560  1.0000  0.9800  -1.0000  0.9560  8.0701  9.1830  10.0270  10.5308  0.0027  0.001000
epoch:76 0.9392  1.0000  0.9778  -1.0000  0.9392  0.9560  1.0000  0.9800  -1.0000  0.9560  8.2888  9.5044  10.6754  12.8984  0.0027  0.001000
epoch:77 0.9566  1.0000  0.9798  -1.0000  0.9566  0.9630  1.0000  0.9800  -1.0000  0.9630  7.4708  8.7753  9.5726  10.6967  0.0027  0.001000
epoch:78 0.9411  0.9901  0.9792  -1.0000  0.9411  0.9550  0.9900  0.9800  -1.0000  0.9550  8.2756  9.2672  9.8290  11.2196  0.0027  0.001000
epoch:79 0.9284  1.0000  0.9690  -1.0000  0.9284  0.9430  1.0000  0.9700  -1.0000  0.9430  9.6229  9.5949  11.0168  14.2169  0.0025  0.001000
epoch:80 0.9331  1.0000  0.9628  -1.0000  0.9331  0.9500  1.0000  0.9700  -1.0000  0.9500  8.2933  10.3387  10.1326  10.9441  0.0026  0.001000
epoch:81 0.9525  1.0000  0.9900  -1.0000  0.9525  0.9610  1.0000  0.9900  -1.0000  0.9610  7.7324  9.0272  9.7054  11.6438  0.0026  0.001000
epoch:82 0.9475  1.0000  0.9793  -1.0000  0.9475  0.9550  1.0000  0.9800  -1.0000  0.9550  8.3375  8.6070  11.5246  13.2311  0.0027  0.001000
epoch:83 0.9453  1.0000  0.9785  -1.0000  0.9453  0.9530  1.0000  0.9800  -1.0000  0.9530  8.8280  8.9718  11.8391  11.7422  0.0026  0.001000
epoch:84 0.9473  1.0000  0.9777  -1.0000  0.9473  0.9560  1.0000  0.9800  -1.0000  0.9560  8.6685  8.7767  10.2108  10.7662  0.0026  0.001000
epoch:85 0.9436  1.0000  0.9666  -1.0000  0.9436  0.9550  1.0000  0.9700  -1.0000  0.9550  10.5725  8.6657  9.7038  10.3632  0.0025  0.001000
epoch:86 0.9502  1.0000  0.9792  -1.0000  0.9502  0.9620  1.0000  0.9800  -1.0000  0.9620  8.4452  8.9284  9.2982  10.3878  0.0028  0.001000
epoch:87 0.9366  1.0000  0.9760  -1.0000  0.9366  0.9510  1.0000  0.9800  -1.0000  0.9510  9.1135  8.5773  9.9895  12.4621  0.0027  0.001000
epoch:88 0.9415  1.0000  0.9901  -1.0000  0.9415  0.9550  1.0000  0.9900  -1.0000  0.9550  8.2843  9.0738  10.4151  11.8711  0.0026  0.001000
epoch:89 0.9479  0.9900  0.9794  -1.0000  0.9479  0.9600  0.9900  0.9800  -1.0000  0.9600  8.4124  8.3792  9.7076  10.5144  0.0025  0.001000
epoch:90 0.9549  1.0000  0.9802  -1.0000  0.9549  0.9630  1.0000  0.9800  -1.0000  0.9630  7.8840  9.7012  8.9226  9.9969  0.0026  0.001000
epoch:91 0.9491  1.0000  0.9795  -1.0000  0.9491  0.9610  1.0000  0.9800  -1.0000  0.9610  7.8455  8.3296  11.2876  11.5777  0.0027  0.001000
