1.748567814631960360e+01 1.382815918300524594e+01 1.302624039068365036e+01 1.238294083338821494e+01
8.379703058940028981e+00 6.273264424177492415e+00 2.586799308534559749e+00 3.699356764104812356e+01
6.934832350219349628e+00 1.806077569742939914e+01 7.659128025596793954e+00 2.405597925666878822e+01
5.571832159125415629e+00 3.627169336610814199e+00 7.178881957090964328e+00 2.288055018838285548e+01
3.800705895767811704e+00 7.951110306243157844e+00 2.295294165854997903e+00 5.379811165216222157e+00
9.065579478536751168e+00 2.099408013540584506e+01 2.545878114519860347e+01 1.694799250842622840e+01
2.271387241313144845e+00 5.255482851270661726e+00 1.594252489413142015e+01 5.324030428162506823e+00
6.278240974421454901e+00 6.366383206265510353e+00 2.507308475227960631e+00 8.571159728156017010e+00
1.739092984643172413e+00 3.563256994299722535e+00 2.217542491923419679e+00 6.970041073535687914e+00
2.972826547795773156e+00 7.029151251897513220e+00 2.900622123799576357e+01 1.872571869920394150e+01
7.120081879720363993e+00 9.744160623584212644e+00 1.223580402776452303e+01 1.381270409415590095e+01
2.472609622869593071e+00 2.286683151359353960e+00 7.564325580486696232e+00 8.728829643322674414e+00
6.415014448980024930e+00 9.866735997215840825e+00 1.609685771738400106e+01 1.503817265089718980e+01
1.171236489361566058e+01 9.532420282627052543e+00 8.641476572527221123e+00 1.018969107203221292e+01
2.826995257061923894e+00 6.140697516004355094e+00 8.564986428545495301e+00 5.697962212059809239e+00
1.173923846563688222e+01 1.366844658689370817e+01 8.741702803300617219e+00 9.079865461014582806e+00
5.484561693801079052e+00 8.599514839733448213e+00 1.344668004490322311e+01 3.117325378453529972e+00
2.001335973546835678e+00 1.020228617565074636e+01 1.188902518094252514e+01 1.172275638593362679e+01
6.624448478708319321e+00 1.667264713924301978e+00 6.451382513243131278e+00 2.475023050467172858e+00
1.501468715790882591e+00 1.149140766716639561e+01 3.400966787033593786e+00 1.699573450455853418e+01
4.376550837581405062e+00 7.757259169724584069e+00 1.143954057563281523e+01 1.217394122772157949e+01
1.067921508382214313e+01 1.046997328083265089e+01 1.650795350832743225e+01 3.566478626129261897e+01
3.983747847640487283e+00 6.080192695126990898e+00 8.183513236311590333e+00 1.675893135754511576e+01
7.677552380007793609e+00 4.154303478621298673e+00 7.131481947454397563e+00 2.036166967026517938e+01
3.054020100704907037e+00 3.049549983528870190e+00 1.692049270764274382e+01 1.558270640086372083e+01
4.292163286790346532e+00 1.307290784510590775e+01 2.913891641266070032e+00 4.663072228000091357e+00
8.644906014526727134e+00 1.177502441611058615e+01 2.945522025040791192e+00 4.312957222138831703e+00
5.851359167104280168e+00 7.260582280621235896e+00 4.085727002597943525e+00 7.535101382398056380e+00
2.701789704156174476e+00 5.120079596636743169e+00 5.745462423647139438e+00 3.951082616974247674e+00
3.671004736927815149e+00 2.133423008585971203e+01 7.072033546124573355e+00 3.775684230023009036e+01
4.446130374678684660e+00 6.112287765509213600e+00 6.181510163482458076e+00 1.165733340958458264e+01
1.726299437067256859e+00 8.000159761099414624e+00 9.850453811570345053e+00 1.469687423467441789e+01
1.385091816033613199e+00 1.711208585550301198e+00 8.195857534828501656e+00 1.729839008682970203e+01
4.018071676812107640e+00 9.215514093093190695e+00 1.107826701248887247e+01 2.455166389473432176e+01
9.454306227851965616e+00 9.425389415032128682e+00 2.162268051144455683e+01 1.819150969545956187e+01
2.053840060257382305e+00 5.225164235302363736e+00 2.761919208122332492e+00 2.240632972591117777e+01
5.546237011046009080e+00 5.999005684624299839e+00 2.009890359212507960e+01 1.353929552020333738e+01
1.250788938836945441e+01 7.361748942524418027e+00 1.161700410966889940e+01 1.889072100370001550e+01
1.293784449084227628e+00 7.698810248262736522e+00 1.616657451310980376e+00 1.290216110756896661e+01
7.486064948887795722e+00 9.677932291445957347e+00 1.270701013324838513e+01 1.958443921264936805e+01
6.838002154824907031e+00 4.844723618409265242e+00 8.112702310297263963e+00 1.376503445216864030e+01
5.182713620573987434e+00 9.542827731778873002e+00 3.032220655490634442e+01 1.200621640213919328e+01
3.826980443702634460e+00 8.235505158265704395e+00 1.949602650226481515e+01 3.088509236397203495e+01
2.174725040091275474e+01 8.448266094294089257e+00 4.188472275185761262e+00 2.432611765161041273e+00
1.224389413066631427e+01 9.840208262426143548e+00 1.636731534742295224e+01 2.542212812979916947e+01
6.771520335516995281e+00 5.076912277320230871e+00 1.479826282764460643e+01 2.811806018632754256e+00
3.528073648184470557e+01 1.440345779172347385e+01 8.980209394554112379e+00 1.038801839730201060e+01
5.378363119863546871e+00 4.192252381898389224e+00 1.033216017795853858e+01 9.956485143776502511e+00
3.213058832144840782e+00 3.213959770857268694e+00 3.448598425943852241e+00 6.695463425952610237e+00
1.794648679633265020e+00 4.800242622409379933e+00 8.628819313966333837e+00 1.125347704538343940e+01
4.356392664390053682e+00 4.752007259759620794e+00 4.872357176831324743e+00 4.608576798626864424e+00
5.172065291599105663e+00 2.791075909892244855e+00 8.379798119187210403e+00 3.374986544545509393e+00
1.146003926694847053e+01 7.577492989109225086e+00 1.197190878682253334e+01 3.906353798620907813e+00
5.611531080292616380e+00 7.852309237099065697e+00 5.618738355721926148e+00 7.717502010243237009e+00
1.059344987465941834e+01 8.380794696989644521e+00 1.024924833136666713e+01 3.065846106000128302e+00
2.045387765464331320e+00 2.067850467406905146e+00 4.016217125605658356e-01 6.118373966994836266e+00
3.674955060482660851e+00 7.064738224241917663e+00 1.490075057473640641e+01 1.246690442027294132e+01
7.935743285137431435e+00 1.401589702521691194e+01 1.027563474543027411e+01 2.061351289929968189e+01
5.259836288115349312e+00 2.646648241376254429e+00 3.587596258441041908e+00 8.709902764832547106e+00
1.712899487156676770e+01 6.949241116533396934e+00 6.140806415232049176e+00 8.389281534066212132e+00
5.768633693855064415e+00 8.599108283148243714e+00 3.554729244260809828e+00 1.827929318063664255e+01
1.649320503252448233e+01 5.036912116909181059e+00 5.817924449317017022e+00 5.679468931770093931e+00
2.056977757251454264e+01 1.107900628427088208e+01 8.761643751863251950e+00 9.840661738765058786e+00
1.708800169981704471e+02 1.957383484859850142e+01 3.393805180647011088e+00 5.134016494096195871e+00
1.750454498028993839e+02 1.878048277555551948e+01 1.525678815502300800e+01 1.688644678160640566e+01
1.017448108740327051e+01 2.224409800809725724e+00 5.912364646175178429e+00 8.149474201307809196e+00
1.313077197034353105e+01 9.947862791799392923e+00 5.069415486304204244e+00 2.913109828986536254e+00
1.536537629481993505e+01 7.019001435734415040e+00 1.133524166315866211e+01 3.324241824426729153e+01
6.603036865327367444e+00 3.164537287660745601e+00 5.434499985211258988e+00 1.174883089080368492e+01
1.022120105566879467e+01 7.175614174097414200e+00 2.549253592240545263e+00 5.393087033889072401e+00
2.496874589571641767e+00 6.044309026260631157e+00 4.370357219063861542e+00 1.368419851101571183e+01
4.912632077748011028e+00 9.513987077099150369e+00 3.944059241781552760e+00 6.041116183608330026e+00
7.878940903799160012e+00 1.002363263320529185e+01 2.167044877966356964e+01 1.123956025943333259e+01
7.391917583559012073e+00 5.068911919469357485e+00 1.031619305040637968e+01 9.996039600377505607e+00
7.318124380225068393e+00 8.441453929534018741e+00 9.396049406236894441e+00 7.734497757162574594e+00
7.941974403132196159e+00 8.291798836293456931e-01 7.328289356522562414e+00 9.879655405412986369e+00
3.133005788266480351e+00 8.727871363336078048e+00 5.706394813426116208e+00 1.878336864141350304e+01
6.269484338571047033e+00 1.790148443409859791e+00 4.853505885147583854e+00 5.535106013209582621e+00
1.787713120566449447e+02 7.599699003591237734e+00 8.694413143057532878e+00 7.034883337502570555e+00
2.195728470217916062e+00 2.884743729259777290e+00 5.403381776817468563e+00 9.763368961007159896e+00
2.411917938835397877e+02 6.112384320057961062e+00 3.902445399456892616e+00 4.671113832306668989e+00
1.538092811582361996e+01 1.179770023221593434e+01 7.116351784579389772e+00 9.399289662195236872e+00
8.551286452926197157e+00 5.760217009800923549e+00 7.392820841870842763e+00 7.570997292299124659e+00
4.416133099224214043e+00 5.372857470069877017e+00 3.418166146921036486e+00 7.403480032935814137e+00
8.979985231383366795e+00 8.424259893199776528e+00 8.950114164644288550e+00 5.097200176053264364e+00
2.093067376621210229e+00 2.062298123285119633e+00 6.872760628848246789e+00 6.932890601308380418e+00
1.254616202074852538e+01 1.301217892818636024e+01 9.205928540557371420e+00 1.224897383307157028e+01
2.299134171993523523e+01 1.644182752335319009e+01 1.010303662828292026e+01 2.012487649269317913e+01
1.040755898136636715e+00 1.169594210520857436e+00 1.092105300625534703e+01 1.140285089975206567e+01
6.449632625601816827e+00 6.071721380535485046e+00 3.624677858328557267e+00 9.651860541241111591e+00
5.051043853852385190e+00 2.326782732105623364e+00 8.332877536934230278e+00 4.270963329552312615e+00
7.326585476830755006e+00 3.852966116668413932e+00 1.561578204748020049e+01 6.783518859552819080e+00
5.973921386404787981e+00 1.407534265624789560e+00 1.014109692902012583e+01 5.581981062342511457e+00
3.730011915381532983e+00 4.148141335973162924e+00 6.182838155274811953e+00 1.147561203618067438e+01
3.320791509565167665e+00 4.976480935359838931e+00 8.765388254378795096e+00 1.500081664443637486e+01
9.989259231794946459e+00 4.449359504468016091e+00 5.165007260401558220e+00 7.282945832559760468e+00
3.648499099494759257e+00 1.365920302069314918e+00 1.409300921173267440e+01 6.632589386906864171e+00
2.978612859614686137e+00 7.060656635562430061e+00 8.076207183047028337e+00 1.994458556636251156e+00
2.031918255117981520e+00 6.459104405915340408e+00 2.241575216902502721e+00 5.440794732813614587e+00
4.663957283638809237e+00 2.391492166213743165e+00 3.194866224188329440e+01 7.843054674141473726e+00
